Curveplot
LS-DYNA user input                                          
Time
Pressure
Defined Connection
Pressure @ 4 #pts=1610
* Minval=     0.0000000000e+00 at time=      1927.5396728516
* Maxval=     1.2395111844e-04 at time=       583.9136962891
    0.0000000000e+00    2.2153599275e-06
    8.8385117054e-01    2.2153599275e-06
    1.9872691631e+00    2.2153599275e-06
    2.8682224751e+00    2.2153599275e-06
    3.9001367092e+00    2.2153599275e-06
    4.7649383545e+00    2.2153599275e-06
    5.8578348160e+00    2.2153599275e-06
    6.7882466316e+00    2.2153599275e-06
    7.8346462250e+00    2.2153599275e-06
    8.5943479538e+00    2.2153599275e-06
    9.9070558548e+00    2.2153599275e-06
    1.0871418953e+01    2.2153599275e-06
    1.1884248734e+01    2.2153599275e-06
    1.2953543663e+01    2.2153599275e-06
    1.3513305664e+01    2.2153599275e-06
    1.4678390503e+01    2.2153599275e-06
    1.5903062820e+01    2.2153599275e-06
    1.6530529022e+01    2.2153599275e-06
    1.7829080582e+01    2.2153599275e-06
    1.8506978989e+01    2.2153599275e-06
    1.9953380585e+01    2.2153599275e-06
    2.0719745636e+01    2.2153599275e-06
    2.1505638123e+01    2.2153599275e-06
    2.2301404953e+01    2.2153599275e-06
    2.3926828384e+01    2.2153599275e-06
    2.4755308151e+01    2.2153599275e-06
    2.5593627930e+01    2.2153599275e-06
    2.6441862106e+01    2.2153599275e-06
    2.7299444199e+01    2.2153599275e-06
    2.8155992508e+01    2.2153599275e-06
    2.9883489609e+01    2.2153599275e-06
    3.0758373260e+01    2.2153599275e-06
    3.1642793655e+01    2.2153599275e-06
    3.2531230927e+01    2.2153599275e-06
    3.3340187073e+01    2.2153599275e-06
    3.4800338745e+01    2.2153599275e-06
    3.5471340179e+01    2.2153599275e-06
    3.6768787384e+01    2.2153599275e-06
    3.7401855469e+01    2.2153599275e-06
    3.8664978027e+01    2.2153599275e-06
    3.9966163635e+01    2.2153599275e-06
    4.0643928528e+01    2.2153599275e-06
    4.1347900391e+01    2.2153599275e-06
    4.2833042145e+01    2.2153599275e-06
    4.3612926483e+01    2.2153599275e-06
    4.4430099487e+01    2.2153599275e-06
    4.5295738220e+01    2.2153599275e-06
    4.6207324982e+01    2.2153599275e-06
    4.7148063660e+01    2.2153599275e-06
    4.8124740601e+01    2.2153599275e-06
    4.9133518219e+01    2.2153599275e-06
    5.0146541595e+01    2.2153599275e-06
    5.1164432526e+01    2.2153599275e-06
    5.2186996460e+01    2.2153599275e-06
    5.3213115692e+01    2.2153599275e-06
    5.4241813660e+01    2.2153599275e-06
    5.5277786255e+01    2.2153599275e-06
    5.6326061249e+01    2.2153599275e-06
    5.7382972717e+01    2.2153599275e-06
    5.8443737030e+01    2.2153599275e-06
    5.9507026672e+01    2.2153599275e-06
    6.0574054718e+01    2.2153599275e-06
    6.1644138336e+01    2.2153599275e-06
    6.2717037201e+01    2.2153599275e-06
    6.3793186188e+01    2.2153599275e-06
    6.4871856689e+01    2.2153599275e-06
    6.5953659058e+01    2.2153599275e-06
    6.7038734436e+01    2.2153599275e-06
    6.8125885010e+01    2.2153599275e-06
    6.9216110229e+01    2.2153599275e-06
    7.0308578491e+01    2.2153599275e-06
    7.1403862000e+01    2.2153599275e-06
    7.2502021790e+01    2.2153599275e-06
    7.3602096558e+01    2.2153599275e-06
    7.4704872131e+01    2.2153599275e-06
    7.5809890747e+01    2.2153599275e-06
    7.6917213440e+01    2.2153599275e-06
    7.8027069092e+01    2.2153599275e-06
    7.9138740540e+01    2.2153599275e-06
    8.0252807617e+01    2.2153599275e-06
    8.1369201660e+01    2.2153599275e-06
    8.2487327576e+01    2.2153599275e-06
    8.3607780457e+01    2.2153599275e-06
    8.4729919434e+01    2.2153599275e-06
    8.5854156494e+01    2.2153599275e-06
    8.6980575562e+01    2.2153599275e-06
    8.8108581543e+01    2.2153599275e-06
    8.9238685608e+01    2.2153599275e-06
    9.0348800659e+01    2.2153599275e-06
    9.1435234070e+01    2.2153599275e-06
    9.2532585144e+01    2.2153599275e-06
    9.3647636414e+01    2.2153599275e-06
    9.4786315918e+01    2.2153599275e-06
    9.5926475525e+01    2.2153599275e-06
    9.7068290710e+01    2.2153599275e-06
    9.8211868286e+01    2.2153599275e-06
    9.9356803894e+01    2.2153599275e-06
    1.0048432922e+02    2.2153599275e-06
    1.0161392212e+02    2.2153599275e-06
    1.0276090240e+02    2.2153599275e-06
    1.0391201782e+02    2.2153599275e-06
    1.0506435394e+02    2.2153599275e-06
    1.0621820831e+02    2.2153599275e-06
    1.0737358093e+02    2.2153599275e-06
    1.0853013611e+02    2.2153599275e-06
    1.0965579224e+02    2.2153599275e-06
    1.1079418945e+02    2.2153599275e-06
    1.1195479584e+02    2.2186743536e-06
    1.1311039734e+02    2.2153603823e-06
    1.1425279999e+02    2.2153603823e-06
    1.1538157654e+02    2.2153603823e-06
    1.1652761841e+02    2.2120461836e-06
    1.1769332123e+02    2.2219890070e-06
    1.1885996246e+02    2.2219890070e-06
    1.2002883911e+02    2.2120461836e-06
    1.2119896698e+02    2.2120464109e-06
    1.2234900665e+02    2.2186745809e-06
    1.2348913574e+02    2.2153606096e-06
    1.2464418030e+02    2.2054175588e-06
    1.2581856537e+02    2.2087317575e-06
    1.2697806549e+02    2.2219887796e-06
    1.2815412903e+02    2.2186745809e-06
    1.2933158875e+02    2.2120461836e-06
    1.3050968933e+02    2.2153608370e-06
    1.3163133240e+02    2.2186748083e-06
    1.3281167603e+02    2.2120466383e-06
    1.3399298096e+02    2.2087319849e-06
    1.3515316772e+02    2.2120466383e-06
    1.3633590698e+02    2.2120466383e-06
    1.3751997375e+02    2.2120461836e-06
    1.3870436096e+02    2.2186748083e-06
    1.3988998413e+02    2.2120461836e-06
    1.4105390930e+02    2.2087322122e-06
    1.4223898315e+02    2.2219894618e-06
    1.4342266846e+02    2.2219892344e-06
    1.4461161804e+02    2.2120470931e-06
    1.4580158997e+02    2.2054184683e-06
    1.4699089050e+02    2.2153608370e-06
    1.4818249512e+02    2.2186750357e-06
    1.4936239624e+02    2.2120468657e-06
    1.5055529785e+02    2.2087319849e-06
    1.5171774292e+02    2.2186748083e-06
    1.5291229248e+02    2.2219894618e-06
    1.5409686279e+02    2.2219892344e-06
    1.5527845764e+02    2.2219890070e-06
    1.5647529602e+02    2.2153606096e-06
    1.5767253113e+02    2.2054175588e-06
    1.5887051392e+02    2.2087322122e-06
    1.6006929016e+02    2.2186752631e-06
    1.6126863098e+02    2.2153606096e-06
    1.6246881104e+02    2.2087322122e-06
    1.6366346741e+02    2.2120464109e-06
    1.6486502075e+02    2.2120461836e-06
    1.6606703186e+02    2.2087319849e-06
    1.6726982117e+02    2.2054177862e-06
    1.6847319031e+02    2.2054177862e-06
    1.6967709351e+02    2.2120461836e-06
    1.7088175964e+02    2.2219890070e-06
    1.7208695984e+02    2.2186748083e-06
    1.7329284668e+02    2.2054177862e-06
    1.7449914551e+02    2.1987896162e-06
    1.7570625305e+02    2.2054180135e-06
    1.7691374207e+02    2.2219896891e-06
    1.7812187195e+02    2.2153610644e-06
    1.7933056641e+02    2.2087324396e-06
    1.8053981018e+02    2.2120468657e-06
    1.8174964905e+02    2.2087326670e-06
    1.8295985413e+02    2.2054186957e-06
    1.8417083740e+02    2.2054186957e-06
    1.8538211060e+02    2.2054184683e-06
    1.8659408569e+02    2.2054182409e-06
    1.8780650330e+02    2.2054182409e-06
    1.8901942444e+02    2.2087324396e-06
    1.9023297119e+02    2.2087326670e-06
    1.9144683838e+02    2.2054182409e-06
    1.9266142273e+02    2.2054184683e-06
    1.9387626648e+02    2.2120468657e-06
    1.9509176636e+02    2.2186754904e-06
    1.9630764771e+02    2.2054182409e-06
    1.9752394104e+02    2.2054184683e-06
    1.9874081421e+02    2.2120468657e-06
    1.9995803833e+02    2.2153610644e-06
    2.0117588806e+02    2.2120473204e-06
    2.0239404297e+02    2.2054186957e-06
    2.0361276245e+02    2.2054186957e-06
    2.0483181763e+02    2.2186754904e-06
    2.0605125427e+02    2.2186754904e-06
    2.0727125549e+02    2.2087324396e-06
    2.0849151611e+02    2.2021042696e-06
    2.0971238708e+02    2.2021044970e-06
    2.1093356323e+02    2.2021044970e-06
    2.1215527344e+02    2.1954754175e-06
    2.1337727356e+02    2.1954760996e-06
    2.1459965515e+02    2.2021044970e-06
    2.1582250977e+02    2.2021044970e-06
    2.1704568481e+02    2.2021042696e-06
    2.1826937866e+02    2.2021042696e-06
    2.1949333191e+02    2.2021044970e-06
    2.2071775818e+02    2.1987900709e-06
    2.2194250488e+02    2.2021042696e-06
    2.2316758728e+02    2.2054186957e-06
    2.2439309692e+02    2.2021042696e-06
    2.2561892700e+02    2.2021040422e-06
    2.2684521484e+02    2.2120468657e-06
    2.2807176208e+02    2.2087324396e-06
    2.2929862976e+02    2.1954754175e-06
    2.3052586365e+02    2.1954756448e-06
    2.3175335693e+02    2.2021044970e-06
    2.3298123169e+02    2.1954754175e-06
    2.3420941162e+02    2.2021044970e-06
    2.3543800354e+02    2.2120475478e-06
    2.3666690063e+02    2.2054186957e-06
    2.3789601135e+02    2.1954758722e-06
    2.3912561035e+02    2.1954758722e-06
    2.4035530090e+02    2.1921616735e-06
    2.4158528137e+02    2.1921616735e-06
    2.4281564331e+02    2.2021044970e-06
    2.4404631042e+02    2.2054189230e-06
    2.4527734375e+02    2.1888474748e-06
    2.4650852966e+02    2.1888479296e-06
    2.4774020386e+02    2.2021049517e-06
    2.4897195435e+02    2.2021049517e-06
    2.5020414734e+02    2.1954763270e-06
    2.5143652344e+02    2.1987909804e-06
    2.5266909790e+02    2.1822193048e-06
    2.5390196228e+02    2.1623338853e-06
    2.5513508606e+02    2.1656480840e-06
    2.5636883545e+02    2.1822195322e-06
    2.5760250854e+02    2.1755904527e-06
    2.5883654785e+02    2.1656483113e-06
    2.6007055664e+02    2.1722764814e-06
    2.6130502319e+02    2.1789051061e-06
    2.6253988647e+02    2.1789053335e-06
    2.6377484131e+02    2.1789046514e-06
    2.6501028442e+02    2.1789046514e-06
    2.6624569702e+02    2.1855332761e-06
    2.6748141479e+02    2.1888474748e-06
    2.6871676636e+02    2.1855335035e-06
    2.6995257568e+02    2.1689622827e-06
    2.7118838501e+02    2.1789053335e-06
    2.7242388916e+02    2.1855339583e-06
    2.7365985107e+02    2.1656485387e-06
    2.7489688110e+02    2.1457631192e-06
    2.7613467407e+02    2.1557057153e-06
    2.7737225342e+02    2.1623338853e-06
    2.7860952759e+02    2.1523917439e-06
    2.7984545898e+02    2.1457631192e-06
    2.8108166504e+02    2.1457633466e-06
    2.8231863403e+02    2.1490770905e-06
    2.8355694580e+02    2.1590203687e-06
    2.8479678345e+02    2.1623345674e-06
    2.8603549194e+02    2.1623347948e-06
    2.8727429199e+02    2.1722771635e-06
    2.8851376343e+02    2.1822202143e-06
    2.8975436401e+02    2.1822204417e-06
    2.9099542236e+02    2.1954772365e-06
    2.9223626709e+02    2.2054200599e-06
    2.9347674561e+02    2.2054202873e-06
    2.9471810913e+02    2.2054202873e-06
    2.9595999146e+02    2.2054205147e-06
    2.9720208740e+02    2.2021063160e-06
    2.9844433594e+02    2.1954774638e-06
    2.9968652344e+02    2.1888492938e-06
    3.0092916870e+02    2.1755920443e-06
    3.0217218018e+02    2.1623350221e-06
    3.0341525269e+02    2.1656496756e-06
    3.0465856934e+02    2.1689636469e-06
    3.0590216064e+02    2.1656496756e-06
    3.0714584351e+02    2.1656496756e-06
    3.0838989258e+02    2.1557068521e-06
    3.0963397217e+02    2.1490780000e-06
    3.1087832642e+02    2.1557068521e-06
    3.1212286377e+02    2.1623352495e-06
    3.1336755371e+02    2.1689636469e-06
    3.1461251831e+02    2.1722778456e-06
    3.1585757446e+02    2.1789062430e-06
    3.1710299683e+02    2.1822208964e-06
    3.1834841919e+02    2.1789064704e-06
    3.1959411621e+02    2.1722778456e-06
    3.2083996582e+02    2.1789062430e-06
    3.2208593750e+02    2.1789062430e-06
    3.2333224487e+02    2.1755920443e-06
    3.2457858276e+02    2.1822208964e-06
    3.2582522583e+02    2.1855348677e-06
    3.2707196045e+02    2.1789064704e-06
    3.2831887817e+02    2.1722778456e-06
    3.2956597900e+02    2.1656496756e-06
    3.3081320190e+02    2.1623352495e-06
    3.3206072998e+02    2.1557068521e-06
    3.3330828857e+02    2.1722776182e-06
    3.3455615234e+02    2.1888497486e-06
    3.3580407715e+02    2.1855346404e-06
    3.3705215454e+02    2.1755918169e-06
    3.3830047607e+02    2.1722778456e-06
    3.3954888916e+02    2.1789069251e-06
    3.4079763794e+02    2.1789071525e-06
    3.4204635620e+02    2.1789069251e-06
    3.4329528809e+02    2.1789071525e-06
    3.4454440308e+02    2.1722787551e-06
    3.4579360962e+02    2.1689641017e-06
    3.4704309082e+02    2.1722778456e-06
    3.4829260254e+02    2.1755924990e-06
    3.4954241943e+02    2.1722780730e-06
    3.5079223633e+02    2.1722778456e-06
    3.5204226685e+02    2.1789064704e-06
    3.5329244995e+02    2.1855353225e-06
    3.5454275513e+02    2.1722778456e-06
    3.5579333496e+02    2.1689636469e-06
    3.5704388428e+02    2.1689636469e-06
    3.5829473877e+02    2.1656489935e-06
    3.5954562378e+02    2.1557066248e-06
    3.6079669189e+02    2.1490777726e-06
    3.6204791260e+02    2.1490777726e-06
    3.6329919434e+02    2.1490780000e-06
    3.6455084229e+02    2.1523926534e-06
    3.6580242920e+02    2.1623350221e-06
    3.6705422974e+02    2.1590208235e-06
    3.6830612183e+02    2.1523921987e-06
    3.6955813599e+02    2.1623350221e-06
    3.7081039429e+02    2.1722776182e-06
    3.7206265259e+02    2.1689636469e-06
    3.7331521606e+02    2.1722780730e-06
    3.7456777954e+02    2.1789064704e-06
    3.7582009888e+02    2.1789064704e-06
    3.7707299805e+02    2.1722778456e-06
    3.7832592773e+02    2.1722778456e-06
    3.7957913208e+02    2.1755918169e-06
    3.8083233643e+02    2.1722769361e-06
    3.8208364868e+02    2.1755913622e-06
    3.8333529663e+02    2.1822202143e-06
    3.8458889771e+02    2.1822199869e-06
    3.8584268188e+02    2.1855339583e-06
    3.8709652710e+02    2.1888488391e-06
    3.8834915161e+02    2.1855344130e-06
    3.8959973145e+02    2.1656489935e-06
    3.9085195923e+02    2.1490777726e-06
    3.9210632324e+02    2.1457635739e-06
    3.9336077881e+02    2.1457635739e-06
    3.9461544800e+02    2.1391349492e-06
    3.9586779785e+02    2.1424491479e-06
    3.9711889648e+02    2.1557057153e-06
    3.9837197876e+02    2.1656487661e-06
    3.9962707520e+02    2.1557063974e-06
    4.0088229370e+02    2.1490775453e-06
    4.0213757324e+02    2.1523919713e-06
    4.0338961792e+02    2.1623350221e-06
    4.0464093018e+02    2.1623350221e-06
    4.0589492798e+02    2.1656492208e-06
    4.0715066528e+02    2.1656492208e-06
    4.0840652466e+02    2.1557066248e-06
    4.0966241455e+02    2.1490782274e-06
    4.1091497803e+02    2.1557070795e-06
    4.1216879272e+02    2.1557075343e-06
    4.1342507935e+02    2.1490784547e-06
    4.1468154907e+02    2.1457644834e-06
    4.1593804932e+02    2.1424500574e-06
    4.1719433594e+02    2.1490782274e-06
    4.1844909668e+02    2.1656494482e-06
    4.1970590210e+02    2.1722780730e-06
    4.2096295166e+02    2.1590208235e-06
    4.2221957397e+02    2.1523921987e-06
    4.2347674561e+02    2.1590205961e-06
    4.2473339844e+02    2.1623350221e-06
    4.2599017334e+02    2.1623345674e-06
    4.2724774170e+02    2.1656489935e-06
    4.2850527954e+02    2.1656489935e-06
    4.2976260376e+02    2.1656489935e-06
    4.3102032471e+02    2.1623347948e-06
    4.3227819824e+02    2.1623347948e-06
    4.3353619385e+02    2.1656489935e-06
    4.3479421997e+02    2.1623347948e-06
    4.3605252075e+02    2.1623347948e-06
    4.3731072998e+02    2.1656489935e-06
    4.3856875610e+02    2.1590205961e-06
    4.3982717896e+02    2.1557063974e-06
    4.4108566284e+02    2.1623350221e-06
    4.4234432983e+02    2.1557066248e-06
    4.4360293579e+02    2.1523921987e-06
    4.4486090088e+02    2.1623352495e-06
    4.4611926270e+02    2.1722780730e-06
    4.4737796021e+02    2.1656501303e-06
    4.4863610840e+02    2.1789071525e-06
    4.4989419556e+02    2.1855350951e-06
    4.5115155029e+02    2.1789064704e-06
    4.5240835571e+02    2.1855346404e-06
    4.5366577148e+02    2.1954774638e-06
    4.5492376709e+02    2.1954772365e-06
    4.5618243408e+02    2.1921634925e-06
    4.5744192505e+02    2.1921634925e-06
    4.5870068359e+02    2.1888495212e-06
    4.5995999146e+02    2.1855353225e-06
    4.6122055054e+02    2.1954781459e-06
    4.6248120117e+02    2.1954779186e-06
    4.6374118042e+02    2.1888495212e-06
    4.6500097656e+02    2.1888499759e-06
    4.6626095581e+02    2.1855355499e-06
    4.6752130127e+02    2.1855357772e-06
    4.6878210449e+02    2.1888502033e-06
    4.7004281616e+02    2.1987927994e-06
    4.7130392456e+02    2.1954783733e-06
    4.7256381226e+02    2.1888502033e-06
    4.7382406616e+02    2.1822218059e-06
    4.7508578491e+02    2.1689645564e-06
    4.7634780884e+02    2.1557075343e-06
    4.7760955811e+02    2.1490786821e-06
    4.7887030029e+02    2.1490789095e-06
    4.8013055420e+02    2.1623359316e-06
    4.8139279175e+02    2.1789069251e-06
    4.8265597534e+02    2.1888497486e-06
    4.8391842651e+02    2.1921639473e-06
    4.8518121338e+02    2.1921641746e-06
    4.8644348145e+02    2.1855355499e-06
    4.8770431519e+02    2.1722785277e-06
    4.8896572876e+02    2.1656501303e-06
    4.9022854614e+02    2.1623359316e-06
    4.9149105835e+02    2.1457649382e-06
    4.9275445557e+02    2.1291934900e-06
    4.9401828003e+02    2.1391365408e-06
    4.9528186035e+02    2.1590224151e-06
    4.9654553223e+02    2.1722787551e-06
    4.9780847168e+02    2.1921644020e-06
    4.9907174683e+02    2.1987925720e-06
    5.0033566284e+02    2.1855357772e-06
    5.0159967041e+02    2.1689645564e-06
    5.0286413574e+02    2.1656503577e-06
    5.0412817383e+02    2.1590219603e-06
    5.0539190674e+02    2.1557075343e-06
    5.0665606689e+02    2.1656503577e-06
    5.0792013550e+02    2.1789071525e-06
    5.0918453979e+02    2.1954786007e-06
    5.1044943237e+02    2.2153647024e-06
    5.1171420288e+02    2.2253072984e-06
    5.1297888184e+02    2.2451931727e-06
    5.1424346924e+02    2.2816500405e-06
    5.1550787354e+02    2.3114785108e-06
    5.1677270508e+02    2.3313648398e-06
    5.1803790283e+02    2.3446227715e-06
    5.1930340576e+02    2.3678344405e-06
    5.2056854248e+02    2.4473918074e-06
    5.2183331299e+02    2.5501515211e-06
    5.2309832764e+02    2.6462832921e-06
    5.2436370850e+02    2.7523612971e-06
    5.2562902832e+02    2.9114901281e-06
    5.2689483643e+02    3.1203455819e-06
    5.2816015625e+02    3.3623598483e-06
    5.2942553711e+02    3.5844961985e-06
    5.3069140625e+02    3.8099703943e-06
    5.3195697021e+02    4.1216585487e-06
    5.3322283936e+02    4.5129581849e-06
    5.3448883057e+02    4.9838890845e-06
    5.3575506592e+02    5.6505482462e-06
    5.3702136230e+02    6.4997461777e-06
    5.3828710938e+02    7.3325622907e-06
    5.3955291748e+02    8.1356884039e-06
    5.4081903076e+02    9.0684261522e-06
    5.4208575439e+02    1.0200554243e-05
    5.4335253906e+02    1.1522271961e-05
    5.4461914063e+02    1.3066969586e-05
    5.4588562012e+02    1.4848153114e-05
    5.4715203857e+02    1.6852791305e-05
    5.4841876221e+02    1.9084505766e-05
    5.4968597412e+02    2.1560301320e-05
    5.5095288086e+02    2.4160681278e-05
    5.5221990967e+02    2.6859253921e-05
    5.5348681641e+02    2.9836088288e-05
    5.5475402832e+02    3.3285050449e-05
    5.5602148438e+02    3.7147045077e-05
    5.5728875732e+02    4.1229435737e-05
    5.5855603027e+02    4.5455864893e-05
    5.5982348633e+02    4.9853388191e-05
    5.6109100342e+02    5.4422493122e-05
    5.6235852051e+02    5.9160549426e-05
    5.6362591553e+02    6.4089159423e-05
    5.6489349365e+02    6.9183945016e-05
    5.6616131592e+02    7.4351512012e-05
    5.6742895508e+02    7.9665209341e-05
    5.6869653320e+02    8.5189385572e-05
    5.6996411133e+02    9.0655135864e-05
    5.7123181152e+02    9.5694493211e-05
    5.7249975586e+02    1.0033626313e-04
    5.7376806641e+02    1.0478874901e-04
    5.7503601074e+02    1.0900361667e-04
    5.7630377197e+02    1.1281691695e-04
    5.7757171631e+02    1.1613734387e-04
    5.7884008789e+02    1.1894295312e-04
    5.8010858154e+02    1.2117329607e-04
    5.8137701416e+02    1.2274923210e-04
    5.8264532471e+02    1.2366815645e-04
    5.8391369629e+02    1.2395111844e-04
    5.8518231201e+02    1.2349725876e-04
    5.8645092773e+02    1.2209663691e-04
    5.8771936035e+02    1.1966525199e-04
    5.8898779297e+02    1.1655673006e-04
    5.9025646973e+02    1.1305006774e-04
    5.9152551270e+02    1.0892004502e-04
    5.9279437256e+02    1.0393113917e-04
    5.9406304932e+02    9.8328418972e-05
    5.9533197021e+02    9.2388632766e-05
    5.9660113525e+02    8.5955754912e-05
    5.9787048340e+02    7.8893615864e-05
    5.9913964844e+02    7.1505761298e-05
    6.0040869141e+02    6.4135390858e-05
    6.0167785645e+02    5.6809363741e-05
    6.0294714355e+02    4.9554222642e-05
    6.0421667480e+02    4.2556803237e-05
    6.0548602295e+02    3.5986122384e-05
    6.0675537109e+02    2.9810673368e-05
    6.0802478027e+02    2.3993523428e-05
    6.0929437256e+02    1.8764907509e-05
    6.1056414795e+02    1.4325230040e-05
    6.1183349609e+02    1.0585184100e-05
    6.1310278320e+02    7.4288595897e-06
    6.1437219238e+02    5.0408157222e-06
    6.1564196777e+02    3.6916953832e-06
    6.1690942383e+02    3.2812140489e-06
    6.1817907715e+02    3.5708208088e-06
    6.1944860840e+02    4.5605065679e-06
    6.2071820068e+02    6.3822649281e-06
    6.2198803711e+02    8.9314262368e-06
    6.2325622559e+02    1.1969943444e-05
    6.2452612305e+02    1.5339346646e-05
    6.2579620361e+02    1.8993581762e-05
    6.2706610107e+02    2.2982841983e-05
    6.2833618164e+02    2.7317988497e-05
    6.2960638428e+02    3.1796618714e-05
    6.3087652588e+02    3.6095545511e-05
    6.3214672852e+02    4.0103765059e-05
    6.3341705322e+02    4.3833973905e-05
    6.3468743896e+02    4.7064164391e-05
    6.3595788574e+02    4.9536505685e-05
    6.3722821045e+02    5.1262730267e-05
    6.3849865723e+02    5.2450443036e-05
    6.3976928711e+02    5.3226449381e-05
    6.4103973389e+02    5.3409501561e-05
    6.4231011963e+02    5.2738381783e-05
    6.4358068848e+02    5.1251805417e-05
    6.4485137939e+02    4.9173817388e-05
    6.4612219238e+02    4.6571676648e-05
    6.4739306641e+02    4.3322685087e-05
    6.4866369629e+02    3.9413273043e-05
    6.4993426514e+02    3.5066597775e-05
    6.5120501709e+02    3.0651393899e-05
    6.5247607422e+02    2.6476443963e-05
    6.5374713135e+02    2.2514590455e-05
    6.5501806641e+02    1.8565944629e-05
    6.5628900146e+02    1.4687840121e-05
    6.5755993652e+02    1.1127815924e-05
    6.5883007813e+02    8.0273475760e-06
    6.6010107422e+02    5.4100328271e-06
    6.6137200928e+02    3.3710209664e-06
    6.6264306641e+02    2.0555557967e-06
    6.6391436768e+02    1.4631228851e-06
    6.6518566895e+02    1.5399273252e-06
    6.6645690918e+02    2.3492157197e-06
    6.6772808838e+02    3.8580701585e-06
    6.6899932861e+02    5.7753009060e-06
    6.7027056885e+02    7.9552901298e-06
    6.7154144287e+02    1.0643952010e-05
    6.7281262207e+02    1.3905420019e-05
    6.7408392334e+02    1.7431333617e-05
    6.7535534668e+02    2.0873134417e-05
    6.7662689209e+02    2.4024369850e-05
    6.7789807129e+02    2.6854218959e-05
    6.7916925049e+02    2.9539180105e-05
    6.8044067383e+02    3.2156207453e-05
    6.8171228027e+02    3.4510198020e-05
    6.8298406982e+02    3.6248024117e-05
    6.8425579834e+02    3.7215464545e-05
    6.8552716064e+02    3.7448218791e-05
    6.8679833984e+02    3.7121037167e-05
    6.8806994629e+02    3.6310091673e-05
    6.8934197998e+02    3.5135606595e-05
    6.9061389160e+02    3.3517815609e-05
    6.9188568115e+02    3.1197156204e-05
    6.9315710449e+02    2.8187883800e-05
    6.9442871094e+02    2.4999559173e-05
    6.9570074463e+02    2.1976740754e-05
    6.9697283936e+02    1.8976066713e-05
    6.9824493408e+02    1.5761272152e-05
    6.9951715088e+02    1.2435951248e-05
    7.0078936768e+02    9.2161799330e-06
    7.0206164551e+02    6.3790116656e-06
    7.0333392334e+02    4.1238790800e-06
    7.0460620117e+02    2.4730534278e-06
    7.0587854004e+02    1.3498810176e-06
    7.0715087891e+02    6.3770556835e-07
    7.0842321777e+02    4.0942350665e-07
    7.0969567871e+02    6.5180955744e-07
    7.1096820068e+02    1.0996687934e-06
    7.1224078369e+02    2.1042651497e-06
    7.1351330566e+02    4.0867871576e-06
    7.1478540039e+02    6.5940535023e-06
    7.1605755615e+02    9.2253685580e-06
    7.1732995605e+02    1.1891305803e-05
    7.1860266113e+02    1.4462104446e-05
    7.1987548828e+02    1.6994239559e-05
    7.2114819336e+02    1.9696988602e-05
    7.2242071533e+02    2.2381880626e-05
    7.2369317627e+02    2.4385437428e-05
    7.2496588135e+02    2.5943509172e-05
    7.2623864746e+02    2.7508182029e-05
    7.2751129150e+02    2.8207499781e-05
    7.2878405762e+02    2.8367454433e-05
    7.3005688477e+02    2.8487351301e-05
    7.3132977295e+02    2.7861087801e-05
    7.3260284424e+02    2.6312400223e-05
    7.3387567139e+02    2.4644285077e-05
    7.3514672852e+02    2.2983234885e-05
    7.3641973877e+02    2.0863599275e-05
    7.3769250488e+02    1.8325370547e-05
    7.3896527100e+02    1.5702393284e-05
    7.4023822021e+02    1.3127381862e-05
    7.4151031494e+02    1.0650248441e-05
    7.4278356934e+02    8.2574188127e-06
    7.4405682373e+02    6.2600574893e-06
    7.4532977295e+02    4.7411381274e-06
    7.4660260010e+02    3.1433899039e-06
    7.4787567139e+02    1.7217039385e-06
    7.4914892578e+02    1.1784285334e-06
    7.5042242432e+02    1.1289732811e-06
    7.5169586182e+02    1.2253507293e-06
    7.5296911621e+02    2.0972279344e-06
    7.5424237061e+02    3.7149866330e-06
    7.5551586914e+02    5.4227771216e-06
    7.5678942871e+02    7.1510185080e-06
    7.5806311035e+02    9.0623780125e-06
    7.5933660889e+02    1.1110542800e-05
    7.6061010742e+02    1.3285612113e-05
    7.6188360596e+02    1.5517956854e-05
    7.6315673828e+02    1.7535512598e-05
    7.6442974854e+02    1.9424096536e-05
    7.6570300293e+02    2.1339898012e-05
    7.6697668457e+02    2.2727055693e-05
    7.6825042725e+02    2.3122956918e-05
    7.6952404785e+02    2.3123071514e-05
    7.7079718018e+02    2.3186310500e-05
    7.7207019043e+02    2.2979927962e-05
    7.7334332275e+02    2.2294358132e-05
    7.7461676025e+02    2.1126497813e-05
    7.7589056396e+02    1.9330369469e-05
    7.7716430664e+02    1.7179145289e-05
    7.7843792725e+02    1.5181445633e-05
    7.7971160889e+02    1.3164447410e-05
    7.8098541260e+02    1.0942721019e-05
    7.8225946045e+02    8.8516117103e-06
    7.8353338623e+02    6.8741796895e-06
    7.8480731201e+02    4.8044976211e-06
    7.8608123779e+02    3.0937724205e-06
    7.8735522461e+02    1.8974818659e-06
    7.8862951660e+02    9.7625570561e-07
    7.8990374756e+02    5.1244148835e-07
    7.9117797852e+02    7.0154055720e-07
    7.9245220947e+02    1.1624014178e-06
    7.9372613525e+02    1.7359493540e-06
    7.9500006104e+02    2.6939785585e-06
    7.9627423096e+02    3.9836745600e-06
    7.9754864502e+02    5.5124164646e-06
    7.9882312012e+02    7.2704492595e-06
    8.0009753418e+02    9.1220708782e-06
    8.0137194824e+02    1.1007464309e-05
    8.0264630127e+02    1.2956596038e-05
    8.0392065430e+02    1.4826841834e-05
    8.0519519043e+02    1.6534917449e-05
    8.0646960449e+02    1.7944164938e-05
    8.0774389648e+02    1.8785214706e-05
    8.0901818848e+02    1.9091225113e-05
    8.1029260254e+02    1.9616694772e-05
    8.1156683350e+02    2.0604318706e-05
    8.1284118652e+02    2.0740588297e-05
    8.1411566162e+02    1.9682946004e-05
    8.1539025879e+02    1.8485838154e-05
    8.1666485596e+02    1.7315547666e-05
    8.1793920898e+02    1.5411129425e-05
    8.1921362305e+02    1.3234960534e-05
    8.2048791504e+02    1.1630639165e-05
    8.2176220703e+02    1.0252697393e-05
    8.2303668213e+02    8.6563622972e-06
    8.2431152344e+02    7.0039627644e-06
    8.2558630371e+02    5.5179680203e-06
    8.2686090088e+02    4.2083038352e-06
    8.2813537598e+02    3.1740275972e-06
    8.2941009521e+02    2.4846924589e-06
    8.3068475342e+02    2.1136222585e-06
    8.3195959473e+02    1.9811893708e-06
    8.3323449707e+02    2.2266121960e-06
    8.3450915527e+02    2.9128532333e-06
    8.3578387451e+02    3.7848230932e-06
    8.3705883789e+02    4.8657771003e-06
    8.3833386230e+02    6.4908485911e-06
    8.3960888672e+02    8.4350058387e-06
    8.4088391113e+02    1.0061242392e-05
    8.4215881348e+02    1.1263058695e-05
    8.4343371582e+02    1.2428511582e-05
    8.4470874023e+02    1.3757216038e-05
    8.4598400879e+02    1.5125880054e-05
    8.4725915527e+02    1.6308707927e-05
    8.4853411865e+02    1.7179507267e-05
    8.4980908203e+02    1.7751266569e-05
    8.5108416748e+02    1.7964068320e-05
    8.5235943604e+02    1.7841088265e-05
    8.5363470459e+02    1.7571794160e-05
    8.5491003418e+02    1.7106354790e-05
    8.5618524170e+02    1.6165713532e-05
    8.5746026611e+02    1.4780046513e-05
    8.5873541260e+02    1.3291743926e-05
    8.6001074219e+02    1.1714005268e-05
    8.6128613281e+02    1.0020783520e-05
    8.6256121826e+02    8.5473466243e-06
    8.6383654785e+02    7.6181490840e-06
    8.6511169434e+02    6.9081638685e-06
    8.6638659668e+02    5.9827293626e-06
    8.6766156006e+02    5.0873336477e-06
    8.6893646240e+02    4.4905477807e-06
    8.7021130371e+02    3.8375046643e-06
    8.7148626709e+02    3.2276586808e-06
    8.7276104736e+02    3.4034719647e-06
    8.7403552246e+02    4.2290325837e-06
    8.7530944824e+02    4.9287014008e-06
    8.7658312988e+02    5.6583071455e-06
    8.7785675049e+02    6.7793985181e-06
    8.7913037109e+02    7.9571127571e-06
    8.8040368652e+02    9.0687917691e-06
    8.8167675781e+02    1.0320004549e-05
    8.8294903564e+02    1.1511951925e-05
    8.8422094727e+02    1.2541335309e-05
    8.8549310303e+02    1.3620622667e-05
    8.8676562500e+02    1.4507591004e-05
    8.8803887939e+02    1.4859800103e-05
    8.8931243896e+02    1.4979455045e-05
    8.9058563232e+02    1.5109023479e-05
    8.9185925293e+02    1.4986052520e-05
    8.9313269043e+02    1.4484344319e-05
    8.9440588379e+02    1.3613994270e-05
    8.9568035889e+02    1.2504689039e-05
    8.9695373535e+02    1.1468610865e-05
    8.9822705078e+02    1.0495769857e-05
    8.9950128174e+02    9.1711845016e-06
    9.0077465820e+02    7.6580072346e-06
    9.0204986572e+02    6.4173841565e-06
    9.0332366943e+02    5.3659859987e-06
    9.0459747314e+02    4.3845652726e-06
    9.0587219238e+02    3.7016204715e-06
    9.0714672852e+02    3.2276093407e-06
    9.0842175293e+02    2.7702326406e-06
    9.0969738770e+02    2.5979506972e-06
    9.1097290039e+02    2.9195280149e-06
    9.1224908447e+02    3.4267550291e-06
    9.1352526855e+02    3.9108272176e-06
    9.1480242920e+02    4.5574206524e-06
    9.1608056641e+02    5.3931157709e-06
    9.1735876465e+02    6.3052270889e-06
    9.1863696289e+02    7.2540115070e-06
    9.1991522217e+02    8.2659844338e-06
    9.2119305420e+02    9.3211892818e-06
    9.2247027588e+02    1.0363492947e-05
    9.2374786377e+02    1.1342842299e-05
    9.2502423096e+02    1.2262546988e-05
    9.2630114746e+02    1.3079522432e-05
    9.2757647705e+02    1.3620922800e-05
    9.2885168457e+02    1.3820227650e-05
    9.3012695313e+02    1.3830182979e-05
    9.3140106201e+02    1.3793610378e-05
    9.3267590332e+02    1.3458086869e-05
    9.3395019531e+02    1.2664284441e-05
    9.3522436523e+02    1.1810819160e-05
    9.3649847412e+02    1.1163287127e-05
    9.3777233887e+02    1.0346510862e-05
    9.3904571533e+02    9.0153725978e-06
    9.4031951904e+02    7.5254833973e-06
    9.4159252930e+02    6.2583599174e-06
    9.4286596680e+02    5.2368354773e-06
    9.4413958740e+02    4.3979807742e-06
    9.4541271973e+02    3.5757902879e-06
    9.4668499756e+02    2.7504527225e-06
    9.4795758057e+02    2.2865217488e-06
    9.4922973633e+02    2.3097952635e-06
    9.5050292969e+02    2.4159244276e-06
    9.5177569580e+02    2.5253800686e-06
    9.5304785156e+02    3.1154522731e-06
    9.5432092285e+02    4.2028245844e-06
    9.5559350586e+02    5.2837767726e-06
    9.5686614990e+02    6.1195337366e-06
    9.5813726807e+02    6.8560129876e-06
    9.5940728760e+02    7.7086851888e-06
    9.6067358398e+02    8.7505159172e-06
    9.6194067383e+02    9.8026130217e-06
    9.6320550537e+02    1.0599210327e-05
    9.6446679688e+02    1.1256514881e-05
    9.6572863770e+02    1.2040130059e-05
    9.6698608398e+02    1.2850391613e-05
    9.6824200439e+02    1.3278807273e-05
    9.6949493408e+02    1.3062931430e-05
    9.7074829102e+02    1.2388810319e-05
    9.7199548340e+02    1.1724729120e-05
    9.7323779297e+02    1.1286444533e-05
    9.7447814941e+02    1.0721979379e-05
    9.7570550537e+02    9.6962194220e-06
    9.7690527344e+02    8.4781631813e-06
    9.7809777832e+02    7.5556904449e-06
    9.7929022217e+02    6.9485322456e-06
    9.8047106934e+02    6.4078535615e-06
    9.8164440918e+02    5.7941665546e-06
    9.8282977295e+02    5.1408037507e-06
    9.8401269531e+02    4.4710245675e-06
    9.8520324707e+02    3.8112732454e-06
    9.8639270020e+02    3.2609916616e-06
    9.8759710693e+02    2.8930983262e-06
    9.8878668213e+02    2.6014774903e-06
    9.8996148682e+02    2.3927350412e-06
    9.9117059326e+02    2.5684801130e-06
    9.9235974121e+02    3.3076660202e-06
    9.9355328369e+02    4.2392416617e-06
    9.9474566650e+02    4.9786872296e-06
    9.9593737793e+02    5.5425007304e-06
    9.9713031006e+02    6.1462064878e-06
    9.9831567383e+02    6.7997025326e-06
    9.9950213623e+02    7.3868941399e-06
    1.0006943970e+03    7.9675000961e-06
    1.0018875732e+03    8.6908694357e-06
    1.0030902100e+03    9.4541792350e-06
    1.0042783203e+03    1.0045012459e-05
    1.0054797363e+03    1.0486520296e-05
    1.0066808472e+03    1.0984458640e-05
    1.0078629761e+03    1.1422683201e-05
    1.0090634766e+03    1.1489076314e-05
    1.0102448730e+03    1.1120569980e-05
    1.0114390259e+03    1.0566162928e-05
    1.0126612549e+03    1.0021757589e-05
    1.0138434448e+03    9.5139193945e-06
    1.0150538940e+03    8.9994582595e-06
    1.0162520752e+03    8.3290969997e-06
    1.0174495239e+03    7.5260973063e-06
    1.0186412354e+03    6.8360718615e-06
    1.0198419189e+03    6.4844170993e-06
    1.0210328369e+03    6.2621315919e-06
    1.0222249146e+03    5.8375576373e-06
    1.0234450684e+03    5.2207101362e-06
    1.0246713867e+03    4.7100552365e-06
    1.0258648682e+03    4.4845978664e-06
    1.0270780029e+03    4.4116741265e-06
    1.0283076172e+03    4.2790884436e-06
    1.0295135498e+03    3.9575347728e-06
    1.0307219238e+03    3.6194621771e-06
    1.0319566650e+03    3.5664968436e-06
    1.0331802979e+03    3.9743031266e-06
    1.0344006348e+03    4.6573140935e-06
    1.0356368408e+03    5.3536737141e-06
    1.0368604736e+03    5.9705284912e-06
    1.0380747070e+03    6.5278072725e-06
    1.0393054199e+03    7.1315421337e-06
    1.0405292969e+03    7.8216025940e-06
    1.0417524414e+03    8.4685789261e-06
    1.0429981689e+03    8.9762706921e-06
    1.0442352295e+03    9.4807046480e-06
    1.0454556885e+03    1.0018394278e-05
    1.0466859131e+03    1.0423346794e-05
    1.0479277344e+03    1.0516272596e-05
    1.0491588135e+03    1.0317125088e-05
    1.0503941650e+03    9.9785556813e-06
    1.0516427002e+03    9.5404502645e-06
    1.0528800049e+03    8.9430686785e-06
    1.0541173096e+03    8.2462138380e-06
    1.0553627930e+03    7.6025353337e-06
    1.0566075439e+03    6.9887446443e-06
    1.0578554688e+03    6.3286547629e-06
    1.0591129150e+03    5.7184065554e-06
    1.0603599854e+03    5.2640730246e-06
    1.0616013184e+03    4.8296792556e-06
    1.0628515625e+03    4.3257018660e-06
    1.0641068115e+03    3.9908818508e-06
    1.0653590088e+03    3.9511214709e-06
    1.0666087646e+03    4.0075028664e-06
    1.0678553467e+03    4.0373561205e-06
    1.0691088867e+03    4.1965458877e-06
    1.0703643799e+03    4.5745491661e-06
    1.0716097412e+03    5.0586759244e-06
    1.0728575439e+03    5.5627210713e-06
    1.0741081543e+03    6.0767611103e-06
    1.0753610840e+03    6.6041643549e-06
    1.0766202393e+03    7.1415574894e-06
    1.0778782959e+03    7.6292467384e-06
    1.0791296387e+03    8.0439522208e-06
    1.0803784180e+03    8.3824124886e-06
    1.0816358643e+03    8.6379486675e-06
    1.0828952637e+03    8.8470178525e-06
    1.0841511230e+03    9.0428138719e-06
    1.0853970947e+03    9.0494486358e-06
    1.0866541748e+03    8.7740072559e-06
    1.0879145508e+03    8.4554394562e-06
    1.0891735840e+03    8.3227014329e-06
    1.0904301758e+03    8.2198075688e-06
    1.0916916504e+03    7.9145065683e-06
    1.0929553223e+03    7.4533104453e-06
    1.0942165527e+03    6.8893000389e-06
    1.0954796143e+03    6.2126141529e-06
    1.0967432861e+03    5.5327268456e-06
    1.0980043945e+03    4.9922045946e-06
    1.0992593994e+03    4.5844258239e-06
    1.1005230713e+03    4.2694678086e-06
    1.1017900391e+03    3.9744381866e-06
    1.1030538330e+03    3.7722263642e-06
    1.1043134766e+03    3.8153420974e-06
    1.1055749512e+03    4.0010068005e-06
    1.1068387451e+03    4.0872332647e-06
    1.1081015625e+03    4.1635216803e-06
    1.1093649902e+03    4.4951411837e-06
    1.1106198730e+03    5.0091312005e-06
    1.1118785400e+03    5.4866827668e-06
    1.1131419678e+03    5.9576673266e-06
    1.1144033203e+03    6.4950149863e-06
    1.1156636963e+03    7.0655128184e-06
    1.1169243164e+03    7.6693095252e-06
    1.1181878662e+03    8.3195509433e-06
    1.1194523926e+03    8.8571114247e-06
    1.1207193604e+03    9.1989304565e-06
    1.1219824219e+03    9.4412289400e-06
    1.1232518311e+03    9.6669155027e-06
    1.1245126953e+03    9.7830697996e-06
    1.1257791748e+03    9.6602398116e-06
    1.1270509033e+03    9.2553318609e-06
    1.1283198242e+03    8.6745858425e-06
    1.1295876465e+03    8.0673753473e-06
    1.1308522949e+03    7.4436175055e-06
    1.1321137695e+03    6.8331687544e-06
    1.1333789063e+03    6.3123584368e-06
    1.1346396484e+03    5.8181835811e-06
    1.1359011230e+03    5.2544369282e-06
    1.1371632080e+03    4.7570406423e-06
    1.1384190674e+03    4.4884604904e-06
    1.1396824951e+03    4.2795659283e-06
    1.1409505615e+03    3.9414048842e-06
    1.1422181396e+03    3.6165474739e-06
    1.1434847412e+03    3.5138257317e-06
    1.1447545166e+03    3.6100025227e-06
    1.1460227051e+03    3.8719299482e-06
    1.1472813721e+03    4.2664782995e-06
    1.1485482178e+03    4.6676918828e-06
    1.1498150635e+03    5.0656035455e-06
    1.1510789795e+03    5.5365121625e-06
    1.1523450928e+03    6.0340094024e-06
    1.1536156006e+03    6.4519358602e-06
    1.1548836670e+03    6.8831973294e-06
    1.1561579590e+03    7.4471540756e-06
    1.1574254150e+03    8.0576219261e-06
    1.1586948242e+03    8.5188266894e-06
    1.1599631348e+03    8.7345142674e-06
    1.1612354736e+03    8.7278885985e-06
    1.1625080566e+03    8.6184027168e-06
    1.1637822266e+03    8.4856810645e-06
    1.1650458984e+03    8.3264130808e-06
    1.1663106689e+03    8.0576710388e-06
    1.1675784912e+03    7.6694823292e-06
    1.1688298340e+03    7.2216203080e-06
    1.1700828857e+03    6.7704600042e-06
    1.1713425293e+03    6.3325824158e-06
    1.1726074219e+03    5.9643857639e-06
    1.1738760986e+03    5.6824178500e-06
    1.1751464844e+03    5.4867136896e-06
    1.1764040527e+03    5.2512655202e-06
    1.1776656494e+03    4.8235210670e-06
    1.1789342041e+03    4.3162503971e-06
    1.1802042236e+03    4.0311715566e-06
    1.1814710693e+03    4.0146132960e-06
    1.1827430420e+03    4.0941827137e-06
    1.1840137939e+03    4.1770763346e-06
    1.1852814941e+03    4.2798619688e-06
    1.1865299072e+03    4.4622429414e-06
    1.1877927246e+03    4.6678446779e-06
    1.1890637207e+03    4.8270358093e-06
    1.1903317871e+03    5.0260191529e-06
    1.1916000977e+03    5.4107108554e-06
    1.1928549805e+03    5.9977369347e-06
    1.1941026611e+03    6.5814797381e-06
    1.1953555908e+03    7.0524656621e-06
    1.1966108398e+03    7.5069460763e-06
    1.1978625488e+03    7.9880246631e-06
    1.1991254883e+03    8.3098584582e-06
    1.2003820801e+03    8.3331078713e-06
    1.2016519775e+03    8.1539528765e-06
    1.2029189453e+03    7.9913788795e-06
    1.2041778564e+03    7.8885022958e-06
    1.2054422607e+03    7.6761270975e-06
    1.2067113037e+03    7.3012338362e-06
    1.2079802246e+03    6.9131060627e-06
    1.2092541504e+03    6.5316448854e-06
    1.2105290527e+03    6.0075667534e-06
    1.2118015137e+03    5.2912278079e-06
    1.2130754395e+03    4.6181094149e-06
    1.2143464355e+03    4.1373800741e-06
    1.2156152344e+03    3.8655384742e-06
    1.2168868408e+03    3.8290609155e-06
    1.2181575928e+03    3.9218680286e-06
    1.2194322510e+03    3.9086121433e-06
    1.2207072754e+03    3.7196721223e-06
    1.2219819336e+03    3.5075629512e-06
    1.2232576904e+03    3.4545635117e-06
    1.2245173340e+03    3.6203412037e-06
    1.2257846680e+03    3.9485566958e-06
    1.2270539551e+03    4.3861969061e-06
    1.2283167725e+03    4.8669744501e-06
    1.2295819092e+03    5.4340289353e-06
    1.2308509521e+03    6.1536879912e-06
    1.2321181641e+03    6.8900039878e-06
    1.2333786621e+03    7.3212308962e-06
    1.2346447754e+03    7.4274189501e-06
    1.2359130859e+03    7.4871913966e-06
    1.2371755371e+03    7.6199380601e-06
    1.2384426270e+03    7.7028989836e-06
    1.2396882324e+03    7.7659497038e-06
    1.2409453125e+03    7.9683140939e-06
    1.2422155762e+03    8.1938896983e-06
    1.2434766846e+03    8.1075922935e-06
    1.2447448730e+03    7.5734151324e-06
    1.2460087891e+03    6.7241885517e-06
    1.2472747803e+03    5.8419486777e-06
    1.2485260010e+03    5.1853326113e-06
    1.2497846680e+03    4.8802480705e-06
    1.2510520020e+03    4.8006436373e-06
    1.2523183594e+03    4.7641419769e-06
    1.2535809326e+03    4.6182258302e-06
    1.2548312988e+03    4.3131831262e-06
    1.2560872803e+03    3.9385640775e-06
    1.2573499756e+03    3.6534847823e-06
    1.2586186523e+03    3.4711947592e-06
    1.2598907471e+03    3.3618443922e-06
    1.2611613770e+03    3.4149245494e-06
    1.2624315186e+03    3.6900830764e-06
    1.2636839600e+03    3.9884507714e-06
    1.2649405518e+03    4.1973216867e-06
    1.2661959229e+03    4.4692064876e-06
    1.2674544678e+03    4.9035666052e-06
    1.2687148438e+03    5.2882191994e-06
    1.2699726563e+03    5.4838960750e-06
    1.2712388916e+03    5.5933874137e-06
    1.2725002441e+03    5.7791608015e-06
    1.2737536621e+03    6.0743536778e-06
    1.2750175781e+03    6.4391733758e-06
    1.2762890625e+03    6.7874229899e-06
    1.2775573730e+03    6.9598995651e-06
    1.2788310547e+03    6.9333732426e-06
    1.2801002197e+03    6.9599313974e-06
    1.2813673096e+03    7.1622466749e-06
    1.2826390381e+03    7.3579144555e-06
    1.2838972168e+03    7.2749412539e-06
    1.2851665039e+03    6.8304048000e-06
    1.2864156494e+03    6.1769765125e-06
    1.2876768799e+03    5.6264475461e-06
    1.2889509277e+03    5.2483865147e-06
    1.2902236328e+03    4.9499572015e-06
    1.2914847412e+03    4.6879995352e-06
    1.2927530518e+03    4.5620267883e-06
    1.2940130615e+03    4.5255324039e-06
    1.2952808838e+03    4.4161201913e-06
    1.2965462646e+03    4.1873722694e-06
    1.2978083496e+03    3.9851652218e-06
    1.2990744629e+03    4.0017685023e-06
    1.3003436279e+03    4.2802694225e-06
    1.3016108398e+03    4.6051995923e-06
    1.3028813477e+03    4.7710068429e-06
    1.3041441650e+03    4.8472952585e-06
    1.3054114990e+03    4.9666982704e-06
    1.3066610107e+03    5.1855927268e-06
    1.3079144287e+03    5.4874094531e-06
    1.3091833496e+03    5.7825909607e-06
    1.3104510498e+03    5.9351718846e-06
    1.3117202148e+03    5.8589307628e-06
    1.3129858398e+03    5.6964477153e-06
    1.3142509766e+03    5.6898220464e-06
    1.3154899902e+03    5.8887962950e-06
    1.3167487793e+03    6.0977163230e-06
    1.3180120850e+03    6.1375135374e-06
    1.3192569580e+03    5.9849539866e-06
    1.3205236816e+03    5.7694014686e-06
    1.3217904053e+03    5.5405776038e-06
    1.3230609131e+03    5.2918535403e-06
    1.3243271484e+03    5.0729845498e-06
    1.3255919189e+03    4.9303639571e-06
    1.3268541260e+03    4.9104337450e-06
    1.3281103516e+03    5.0496723816e-06
    1.3293684082e+03    5.2684840739e-06
    1.3306362305e+03    5.4110332712e-06
    1.3318988037e+03    5.3745188779e-06
    1.3331601563e+03    5.2020818657e-06
    1.3344154053e+03    5.0296744121e-06
    1.3356778564e+03    4.9633677008e-06
    1.3369449463e+03    5.0230692068e-06
    1.3382094727e+03    5.1457759582e-06
    1.3394759521e+03    5.1955471463e-06
    1.3407443848e+03    5.0894627748e-06
    1.3420141602e+03    4.8839319788e-06
    1.3432829590e+03    4.7977855502e-06
    1.3445489502e+03    4.8575188885e-06
    1.3458131104e+03    4.8575498113e-06
    1.3470750732e+03    4.8111724027e-06
    1.3483380127e+03    4.9604414016e-06
    1.3496032715e+03    5.3351664064e-06
    1.3508638916e+03    5.6501830841e-06
    1.3521068115e+03    5.8359159993e-06
    1.3533664551e+03    6.1244463723e-06
    1.3546199951e+03    6.4693472268e-06
    1.3558685303e+03    6.6384832280e-06
    1.3571037598e+03    6.6285233515e-06
    1.3583559570e+03    6.5555409492e-06
    1.3595997314e+03    6.4328037297e-06
    1.3608541260e+03    6.3465490712e-06
    1.3621054688e+03    6.3796856011e-06
    1.3633565674e+03    6.4095042944e-06
    1.3646047363e+03    6.1209411797e-06
    1.3658365479e+03    5.3979310906e-06
    1.3670941162e+03    4.5756301006e-06
    1.3683300781e+03    4.1081962081e-06
    1.3695729980e+03    4.1049247557e-06
    1.3708312988e+03    4.2010542529e-06
    1.3720892334e+03    4.0949535105e-06
    1.3733474121e+03    3.8894090721e-06
    1.3746008301e+03    3.7302982037e-06
    1.3758596191e+03    3.6242397528e-06
    1.3771164551e+03    3.6474793887e-06
    1.3783751221e+03    3.7966965465e-06
    1.3796353760e+03    3.9094611566e-06
    1.3808948975e+03    4.0620120672e-06
    1.3821550293e+03    4.4733778850e-06
    1.3834152832e+03    5.0039016060e-06
    1.3846726074e+03    5.3554053920e-06
    1.3859276123e+03    5.5178838920e-06
    1.3871824951e+03    5.7135985116e-06
    1.3884398193e+03    6.0519000726e-06
    1.3896975098e+03    6.3902011789e-06
    1.3909477539e+03    6.4432406361e-06
    1.3922099609e+03    6.2209969656e-06
    1.3934724121e+03    6.0319703152e-06
    1.3947357178e+03    6.0651277636e-06
    1.3959935303e+03    6.1679179453e-06
    1.3972562256e+03    6.2010499278e-06
    1.3985162354e+03    6.1645441747e-06
    1.3997768555e+03    6.0086335907e-06
    1.4010346680e+03    5.6935355133e-06
    1.4022982178e+03    5.3552334975e-06
    1.4035362549e+03    5.0368298616e-06
    1.4047811279e+03    4.5924889491e-06
    1.4060406494e+03    3.9792012103e-06
    1.4072960205e+03    3.4951906400e-06
    1.4085479736e+03    3.5085261061e-06
    1.4098005371e+03    4.0123959479e-06
    1.4110549316e+03    4.5593965297e-06
    1.4123118896e+03    4.7815105972e-06
    1.4135585938e+03    4.7218059080e-06
    1.4148105469e+03    4.5295055315e-06
    1.4160637207e+03    4.2178880904e-06
    1.4173209229e+03    3.8831112761e-06
    1.4185826416e+03    3.7240672555e-06
    1.4198454590e+03    3.7473266730e-06
    1.4210759277e+03    3.8335442696e-06
    1.4223205566e+03    3.9462765926e-06
    1.4235670166e+03    4.0888758122e-06
    1.4247945557e+03    4.3177133193e-06
    1.4260468750e+03    4.7553889999e-06
    1.4272978516e+03    5.3488656704e-06
    1.4285283203e+03    5.7467859733e-06
    1.4297814941e+03    5.7666234170e-06
    1.4310260010e+03    5.5709638218e-06
    1.4322795410e+03    5.3023718465e-06
    1.4335333252e+03    4.9641644182e-06
    1.4347850342e+03    4.6491882131e-06
    1.4360327148e+03    4.6193745220e-06
    1.4372758789e+03    4.9741661314e-06
    1.4385257568e+03    5.3786902754e-06
    1.4397702637e+03    5.4250849644e-06
    1.4410318604e+03    5.1299343795e-06
    1.4422689209e+03    4.8281904128e-06
    1.4435131836e+03    4.6457948883e-06
    1.4447683105e+03    4.4634211918e-06
    1.4460125732e+03    4.3274858399e-06
    1.4472567139e+03    4.3706077122e-06
    1.4484914551e+03    4.4634534788e-06
    1.4497397461e+03    4.4369235184e-06
    1.4509973145e+03    4.4137291297e-06
    1.4522569580e+03    4.5596616474e-06
    1.4535122070e+03    4.8315860113e-06
    1.4547583008e+03    5.1300035011e-06
    1.4560051270e+03    5.3123749240e-06
    1.4572585449e+03    5.1764450291e-06
    1.4585058594e+03    4.7520352382e-06
    1.4597669678e+03    4.4006296775e-06
    1.4610164795e+03    4.2746955842e-06
    1.4622579346e+03    4.2448932618e-06
    1.4634969482e+03    4.2316664803e-06
    1.4647369385e+03    4.3377963266e-06
    1.4659924316e+03    4.5002852858e-06
    1.4672475586e+03    4.5765564209e-06
    1.4685003662e+03    4.5732526814e-06
    1.4697535400e+03    4.6296154323e-06
    1.4710089111e+03    4.7655448725e-06
    1.4722397461e+03    4.8649876589e-06
    1.4734846191e+03    4.8517149480e-06
    1.4747335205e+03    4.7688149607e-06
    1.4759871826e+03    4.7356579671e-06
    1.4772373047e+03    4.8351298574e-06
    1.4784908447e+03    5.0439839470e-06
    1.4797404785e+03    5.2694194892e-06
    1.4809873047e+03    5.3854491853e-06
    1.4822402344e+03    5.2959026107e-06
    1.4834996338e+03    4.9941399993e-06
    1.4847586670e+03    4.6227569328e-06
    1.4859989014e+03    4.3475761231e-06
    1.4872281494e+03    4.2182805373e-06
    1.4884741211e+03    4.2017068154e-06
    1.4897277832e+03    4.2647020564e-06
    1.4909656982e+03    4.3442701099e-06
    1.4922222900e+03    4.3608433771e-06
    1.4934829102e+03    4.3044819904e-06
    1.4947441406e+03    4.1983989831e-06
    1.4960028076e+03    4.0956524572e-06
    1.4972545166e+03    4.0426380110e-06
    1.4984976807e+03    4.0227700993e-06
    1.4997500000e+03    3.9730830395e-06
    1.5010123291e+03    3.8935609155e-06
    1.5022768555e+03    3.8836574277e-06
    1.5035098877e+03    3.9897895476e-06
    1.5047575684e+03    4.1721509660e-06
    1.5060063477e+03    4.3743989409e-06
    1.5072575684e+03    4.5070214583e-06
    1.5085201416e+03    4.5401716307e-06
    1.5097567139e+03    4.5335373215e-06
    1.5110075684e+03    4.4738426368e-06
    1.5122723389e+03    4.3412228479e-06
    1.5135247803e+03    4.1820931074e-06
    1.5147684326e+03    4.0760005504e-06
    1.5160281982e+03    4.0428658394e-06
    1.5172803955e+03    4.0660752347e-06
    1.5185362549e+03    4.1555854295e-06
    1.5198007813e+03    4.2517235670e-06
    1.5210654297e+03    4.3180293687e-06
    1.5223306885e+03    4.3279715101e-06
    1.5235931396e+03    4.2981305342e-06
    1.5248421631e+03    4.3080849537e-06
    1.5261042480e+03    4.4175230869e-06
    1.5273560791e+03    4.5700758164e-06
    1.5285992432e+03    4.7557900871e-06
    1.5298590088e+03    4.9846212278e-06
    1.5311225586e+03    5.2499549383e-06
    1.5323791504e+03    5.5219256865e-06
    1.5336400146e+03    5.7474840105e-06
    1.5349029541e+03    5.8735718085e-06
    1.5361563721e+03    5.9167718973e-06
    1.5374227295e+03    5.9865164985e-06
    1.5386669922e+03    6.1523969634e-06
    1.5399163818e+03    6.3746433625e-06
    1.5411752930e+03    6.6200786932e-06
    1.5424367676e+03    6.8190715865e-06
    1.5436895752e+03    6.9086277108e-06
    1.5449434814e+03    6.9252541834e-06
    1.5461959229e+03    6.9286434154e-06
    1.5474488525e+03    7.0282112574e-06
    1.5487030029e+03    7.2139814620e-06
    1.5499586182e+03    7.2604066190e-06
    1.5512165527e+03    7.0381379373e-06
    1.5524731445e+03    6.7230089371e-06
    1.5537318115e+03    6.5571402956e-06
    1.5549931641e+03    6.5571107370e-06
    1.5562535400e+03    6.5968865783e-06
    1.5575093994e+03    6.6532611527e-06
    1.5587480469e+03    6.7394762482e-06
    1.5599787598e+03    6.8157223723e-06
    1.5612322998e+03    6.8289359660e-06
    1.5624794922e+03    6.7857049544e-06
    1.5637358398e+03    6.7458627200e-06
    1.5649934082e+03    6.7193082032e-06
    1.5662545166e+03    6.6463330768e-06
    1.5675167236e+03    6.4804912654e-06
    1.5687800293e+03    6.2615958996e-06
    1.5700371094e+03    6.0095430854e-06
    1.5713029785e+03    5.7541869865e-06
    1.5725657959e+03    5.5751243053e-06
    1.5738068848e+03    5.4988718148e-06
    1.5750422363e+03    5.4159613683e-06
    1.5762961426e+03    5.2733485063e-06
    1.5775468750e+03    5.0511616791e-06
    1.5788077393e+03    4.8024630814e-06
    1.5800588379e+03    4.6399936764e-06
    1.5813068848e+03    4.6068184929e-06
    1.5825567627e+03    4.6200575525e-06
    1.5838117676e+03    4.5603633225e-06
    1.5850705566e+03    4.3979011934e-06
    1.5863295898e+03    4.1791072363e-06
    1.5875871582e+03    3.9138735701e-06
    1.5888286133e+03    3.6155277030e-06
    1.5900877686e+03    3.3636067656e-06
    1.5913558350e+03    3.2078232834e-06
    1.5926214600e+03    3.2012164866e-06
    1.5938846436e+03    3.3205908494e-06
    1.5951477051e+03    3.4830372897e-06
    1.5964128418e+03    3.6819412799e-06
    1.5976809082e+03    3.9272572394e-06
    1.5989514160e+03    4.1792136471e-06
    1.6002216797e+03    4.3814811761e-06
    1.6014832764e+03    4.5472647798e-06
    1.6027270508e+03    4.7230109885e-06
    1.6039869385e+03    4.9418472372e-06
    1.6052460938e+03    5.1938764045e-06
    1.6065084229e+03    5.3961871345e-06
    1.6077762451e+03    5.5255545703e-06
    1.6090506592e+03    5.5886007431e-06
    1.6103265381e+03    5.6483172557e-06
    1.6115985107e+03    5.7179763644e-06
    1.6128693848e+03    5.7809797909e-06
    1.6141396484e+03    5.7643924265e-06
    1.6154124756e+03    5.6815101743e-06
    1.6166882324e+03    5.6085918914e-06
    1.6179575195e+03    5.6185622270e-06
    1.6192319336e+03    5.6848816712e-06
    1.6204960938e+03    5.7478787312e-06
    1.6217684326e+03    5.7146967265e-06
    1.6230438232e+03    5.5787008932e-06
    1.6243173828e+03    5.3565017879e-06
    1.6255893555e+03    5.0713083510e-06
    1.6268557129e+03    4.7231155804e-06
    1.6281284180e+03    4.3849272515e-06
    1.6294012451e+03    4.1230173338e-06
    1.6306708984e+03    3.8809939724e-06
    1.6319385986e+03    3.5494940676e-06
    1.6331976318e+03    3.1848906019e-06
    1.6344633789e+03    2.9528794130e-06
    1.6357326660e+03    2.9230579912e-06
    1.6370040283e+03    3.0357423384e-06
    1.6382769775e+03    3.1583629152e-06
    1.6395524902e+03    3.1881870655e-06
    1.6408278809e+03    3.1782585665e-06
    1.6420994873e+03    3.2578302580e-06
    1.6433731689e+03    3.4733113807e-06
    1.6446396484e+03    3.7849401906e-06
    1.6459136963e+03    4.1463126763e-06
    1.6471916504e+03    4.4977819016e-06
    1.6484628906e+03    4.7530866141e-06
    1.6497335205e+03    4.9454324653e-06
    1.6510096436e+03    5.1377642194e-06
    1.6522813721e+03    5.3135386224e-06
    1.6535513916e+03    5.4661118156e-06
    1.6548236084e+03    5.6054250308e-06
    1.6560987549e+03    5.7016254686e-06
    1.6573762207e+03    5.7646489040e-06
    1.6586536865e+03    5.8044588513e-06
    1.6599305420e+03    5.7746169659e-06
    1.6612028809e+03    5.6253884395e-06
    1.6624713135e+03    5.3700509852e-06
    1.6637442627e+03    5.0185717555e-06
    1.6650163574e+03    4.6173745432e-06
    1.6662894287e+03    4.2394349293e-06
    1.6675657959e+03    3.9775327423e-06
    1.6688425293e+03    3.9145243136e-06
    1.6701199951e+03    4.0205604819e-06
    1.6713933105e+03    4.1100215640e-06
    1.6726662598e+03    4.0536351662e-06
    1.6739420166e+03    3.9044293771e-06
    1.6752164307e+03    3.7850870740e-06
    1.6764921875e+03    3.7486186102e-06
    1.6777664795e+03    3.7883883124e-06
    1.6790389404e+03    3.8016396502e-06
    1.6803098145e+03    3.7718048134e-06
    1.6815786133e+03    3.7552454160e-06
    1.6828465576e+03    3.7618931401e-06
    1.6840937500e+03    3.7420174976e-06
    1.6853588867e+03    3.6823755636e-06
    1.6866162109e+03    3.6194117001e-06
    1.6878818359e+03    3.5995497001e-06
    1.6891523438e+03    3.6658746012e-06
    1.6904221191e+03    3.8117461827e-06
    1.6916918945e+03    4.0438148972e-06
    1.6929622803e+03    4.3156751417e-06
    1.6942333984e+03    4.5610358939e-06
    1.6955041504e+03    4.7566841204e-06
    1.6967755127e+03    4.9258110266e-06
    1.6980428467e+03    4.9954633141e-06
    1.6993182373e+03    4.9059499361e-06
    1.7005954590e+03    4.7368384912e-06
    1.7018632813e+03    4.6041909627e-06
    1.7031307373e+03    4.5610790949e-06
    1.7044030762e+03    4.5312253860e-06
    1.7056501465e+03    4.4350658754e-06
    1.7069057617e+03    4.3090699364e-06
    1.7081794434e+03    4.2328010750e-06
    1.7094479980e+03    4.1764187699e-06
    1.7107169189e+03    4.0835725486e-06
    1.7119890137e+03    3.9509509406e-06
    1.7132591553e+03    3.8249686440e-06
    1.7145277100e+03    3.6824224026e-06
    1.7157996826e+03    3.5166694943e-06
    1.7170706787e+03    3.3509265904e-06
    1.7183425293e+03    3.2514954000e-06
    1.7196097412e+03    3.2515099520e-06
    1.7208778076e+03    3.3343837913e-06
    1.7221475830e+03    3.4437719023e-06
    1.7234169922e+03    3.5763630422e-06
    1.7246850586e+03    3.7354750475e-06
    1.7259537354e+03    3.8912739910e-06
    1.7272232666e+03    3.9675201151e-06
    1.7284929199e+03    3.9376909626e-06
    1.7297630615e+03    3.8183679862e-06
    1.7310336914e+03    3.6990593344e-06
    1.7323051758e+03    3.6692588310e-06
    1.7335772705e+03    3.7123782022e-06
    1.7348497314e+03    3.7786958274e-06
    1.7361228027e+03    3.8516423047e-06
    1.7373963623e+03    3.9046917664e-06
    1.7386702881e+03    3.8748630686e-06
    1.7399445801e+03    3.7787383462e-06
    1.7412163086e+03    3.6958756482e-06
    1.7424881592e+03    3.6760004605e-06
    1.7437573242e+03    3.6892713524e-06
    1.7450253906e+03    3.6760229705e-06
    1.7462872314e+03    3.6528301735e-06
    1.7475541992e+03    3.6329527120e-06
    1.7488270264e+03    3.6031185573e-06
    1.7500953369e+03    3.5401280911e-06
    1.7513696289e+03    3.4406830309e-06
    1.7526464844e+03    3.3611311210e-06
    1.7539174805e+03    3.3213666484e-06
    1.7551910400e+03    3.2782847939e-06
    1.7564614258e+03    3.2020486742e-06
    1.7577332764e+03    3.1324407246e-06
    1.7590019531e+03    3.1490069432e-06
    1.7602740479e+03    3.2583814118e-06
    1.7615501709e+03    3.3876519865e-06
    1.7628270264e+03    3.4738393424e-06
    1.7641016846e+03    3.5401455989e-06
    1.7653745117e+03    3.6163989989e-06
    1.7666455078e+03    3.6893345623e-06
    1.7679149170e+03    3.7589552448e-06
    1.7691884766e+03    3.8219372982e-06
    1.7704619141e+03    3.8683333514e-06
    1.7717373047e+03    3.9047918108e-06
    1.7730152588e+03    3.9445699258e-06
    1.7742928467e+03    4.0042446017e-06
    1.7755701904e+03    4.1103362491e-06
    1.7768464355e+03    4.2296937863e-06
    1.7781257324e+03    4.3125855882e-06
    1.7794008789e+03    4.3391155486e-06
    1.7806790771e+03    4.3225463742e-06
    1.7819586182e+03    4.2429887799e-06
    1.7832346191e+03    4.1137086555e-06
    1.7845104980e+03    3.9777992242e-06
    1.7857856445e+03    3.8584653339e-06
    1.7870625000e+03    3.7325055473e-06
    1.7883309326e+03    3.6032267872e-06
    1.7896041260e+03    3.5104355902e-06
    1.7908787842e+03    3.5038217447e-06
    1.7921561279e+03    3.6032749904e-06
    1.7934316406e+03    3.7226120639e-06
    1.7947078857e+03    3.7524521304e-06
    1.7959848633e+03    3.6994235870e-06
    1.7972612305e+03    3.6165668007e-06
    1.7985369873e+03    3.5536049836e-06
    1.7998155518e+03    3.5503092022e-06
    1.8010950928e+03    3.6133108097e-06
    1.8023750000e+03    3.7160964439e-06
    1.8036517334e+03    3.8686234802e-06
    1.8049312744e+03    4.0509644350e-06
    1.8062108154e+03    4.1968301048e-06
    1.8074898682e+03    4.2830397433e-06
    1.8087668457e+03    4.3261479732e-06
    1.8100437012e+03    4.3360923883e-06
    1.8113209229e+03    4.3327836465e-06
    1.8125966797e+03    4.2929973461e-06
    1.8138747559e+03    4.2233700697e-06
    1.8151507568e+03    4.1603761929e-06
    1.8164301758e+03    4.1570592657e-06
    1.8177076416e+03    4.1736329877e-06
    1.8189871826e+03    4.1570551730e-06
    1.8202659912e+03    4.0940558392e-06
    1.8215446777e+03    4.0111713133e-06
    1.8228238525e+03    3.9680753616e-06
    1.8241016846e+03    3.9979136091e-06
    1.8253779297e+03    4.0774757508e-06
    1.8266564941e+03    4.1669818529e-06
    1.8279355469e+03    4.2763899728e-06
    1.8292114258e+03    4.4056960178e-06
    1.8304885254e+03    4.5383194447e-06
    1.8317669678e+03    4.6610111895e-06
    1.8330457764e+03    4.7638204705e-06
    1.8343237305e+03    4.8699498620e-06
    1.8356020508e+03    5.0258308875e-06
    1.8368782959e+03    5.2215150390e-06
    1.8381544189e+03    5.4105662457e-06
    1.8394302979e+03    5.5797304412e-06
    1.8407067871e+03    5.7223719523e-06
    1.8419851074e+03    5.8384807744e-06
    1.8432628174e+03    5.9678623074e-06
    1.8445395508e+03    6.1569367062e-06
    1.8458157959e+03    6.4090309024e-06
    1.8470930176e+03    6.6611250986e-06
    1.8483688965e+03    6.8568406277e-06
    1.8496459961e+03    7.0127584877e-06
    1.8509221191e+03    7.1686813499e-06
    1.8521950684e+03    7.3544701991e-06
    1.8534719238e+03    7.5601492426e-06
    1.8547479248e+03    7.8023249444e-06
    1.8560192871e+03    8.0644113041e-06
    1.8572952881e+03    8.2966498667e-06
    1.8585745850e+03    8.4890943981e-06
    1.8598542480e+03    8.6516902229e-06
    1.8611320801e+03    8.8043561846e-06
    1.8624075928e+03    8.9603363449e-06
    1.8636864014e+03    9.1428646556e-06
    1.8649614258e+03    9.3519420261e-06
    1.8662406006e+03    9.5643381428e-06
    1.8675152588e+03    9.7833717518e-06
    1.8687915039e+03    9.9758572105e-06
    1.8700700684e+03    1.0138483958e-05
    1.8713477783e+03    1.0311113328e-05
    1.8726274414e+03    1.0510319953e-05
    1.8739060059e+03    1.0739403479e-05
    1.8751805420e+03    1.0991735508e-05
    1.8764578857e+03    1.1254055607e-05
    1.8777375488e+03    1.1529664334e-05
    1.8790168457e+03    1.1828519746e-05
    1.8802874756e+03    1.2160581718e-05
    1.8815579834e+03    1.2489344954e-05
    1.8828339844e+03    1.2771616639e-05
    1.8841090088e+03    1.3000765648e-05
    1.8853851318e+03    1.3190082427e-05
    1.8866593018e+03    1.3332913113e-05
    1.8879348145e+03    1.3409324310e-05
    1.8892114258e+03    1.3482404029e-05
    1.8904907227e+03    1.3499014131e-05
    1.8917677002e+03    1.3406027392e-05
    1.8930466309e+03    1.3216718799e-05
    1.8943255615e+03    1.2941073692e-05
    1.8956036377e+03    1.2592404346e-05
    1.8968754883e+03    1.2193908333e-05
    1.8981447754e+03    1.1808736417e-05
    1.8994202881e+03    1.1489987628e-05
    1.9006992188e+03    1.1177881788e-05
    1.9019770508e+03    1.0802726138e-05
    1.9032541504e+03    1.0397711776e-05
    1.9045275879e+03    9.9860817500e-06
    1.9058050537e+03    9.5545774457e-06
    1.9070837402e+03    9.1032125056e-06
    1.9083620605e+03    8.5954807219e-06
    1.9096370850e+03    8.0015306594e-06
    1.9109165039e+03    7.3645182965e-06
    1.9121960449e+03    6.7740234044e-06
    1.9134742432e+03    6.2167587203e-06
    1.9147526855e+03    5.6297085393e-06
    1.9160332031e+03    5.0095632105e-06
    1.9173109131e+03    4.3994427870e-06
    1.9185888672e+03    3.8126024720e-06
    1.9198690186e+03    3.2854798064e-06
    1.9211495361e+03    2.8081012715e-06
    1.9224285889e+03    2.3208499442e-06
    1.9237039795e+03    1.7044609422e-06
    1.9249833984e+03    1.0052324342e-06
    1.9262623291e+03    3.1595445193e-07
    1.9275396729e+03    0.0000000000e+00
    1.9288186035e+03    0.0000000000e+00
    1.9300965576e+03    0.0000000000e+00
    1.9313734131e+03    0.0000000000e+00
    1.9326539307e+03    0.0000000000e+00
    1.9339343262e+03    0.0000000000e+00
    1.9352065430e+03    0.0000000000e+00
    1.9364755859e+03    0.0000000000e+00
    1.9377509766e+03    0.0000000000e+00
    1.9390310059e+03    0.0000000000e+00
    1.9403107910e+03    0.0000000000e+00
    1.9415902100e+03    0.0000000000e+00
    1.9428651123e+03    0.0000000000e+00
    1.9441352539e+03    0.0000000000e+00
    1.9454102783e+03    0.0000000000e+00
    1.9466887207e+03    0.0000000000e+00
    1.9479693604e+03    0.0000000000e+00
    1.9492502441e+03    0.0000000000e+00
    1.9505272217e+03    0.0000000000e+00
    1.9518056641e+03    0.0000000000e+00
    1.9530825195e+03    0.0000000000e+00
    1.9543616943e+03    0.0000000000e+00
    1.9556425781e+03    0.0000000000e+00
    1.9569237061e+03    0.0000000000e+00
    1.9582025146e+03    0.0000000000e+00
    1.9594826660e+03    0.0000000000e+00
    1.9607619629e+03    0.0000000000e+00
    1.9620358887e+03    0.0000000000e+00
    1.9633126221e+03    0.0000000000e+00
    1.9645886230e+03    0.0000000000e+00
    1.9658654785e+03    0.0000000000e+00
    1.9671447754e+03    0.0000000000e+00
    1.9684245605e+03    0.0000000000e+00
    1.9697028809e+03    0.0000000000e+00
    1.9709794922e+03    0.0000000000e+00
    1.9722579346e+03    0.0000000000e+00
    1.9735334473e+03    0.0000000000e+00
    1.9748040771e+03    0.0000000000e+00
    1.9760770264e+03    0.0000000000e+00
    1.9773546143e+03    0.0000000000e+00
    1.9786335449e+03    0.0000000000e+00
    1.9799132080e+03    0.0000000000e+00
    1.9811928711e+03    0.0000000000e+00
    1.9824724121e+03    0.0000000000e+00
    1.9837470703e+03    0.0000000000e+00
    1.9850242920e+03    0.0000000000e+00
    1.9863052979e+03    0.0000000000e+00
    1.9875844727e+03    0.0000000000e+00
    1.9888566895e+03    0.0000000000e+00
    1.9901339111e+03    0.0000000000e+00
    1.9914108887e+03    0.0000000000e+00
    1.9926851807e+03    0.0000000000e+00
    1.9939615479e+03    0.0000000000e+00
    1.9952414551e+03    0.0000000000e+00
    1.9965200195e+03    0.0000000000e+00
    1.9977958984e+03    0.0000000000e+00
    1.9990725098e+03    0.0000000000e+00
    2.0000000000e+03    0.0000000000e+00
endcurve
