Curveplot
LS-DYNA user input                                          
Time
Pressure
Defined Connection
Pressure @ 3 #pts=1596
* Minval=     0.0000000000e+00 at time=       662.3034057617
* Maxval=     2.3937401420e-04 at time=       287.1449584961
    0.0000000000e+00    2.2153599275e-06
    7.5840878487e-01    2.2153599275e-06
    1.7695314884e+00    2.2153599275e-06
    2.7807085514e+00    2.2153599275e-06
    3.7919256687e+00    2.2153599275e-06
    4.7124881744e+00    2.2153599275e-06
    5.9377574921e+00    2.2153599275e-06
    6.8508472443e+00    2.2153599275e-06
    7.7893104553e+00    2.2153599275e-06
    8.8002862930e+00    2.2153599275e-06
    9.9036188126e+00    2.2153599275e-06
    1.0481741905e+01    2.2153599275e-06
    1.1624051094e+01    2.2153599275e-06
    1.2821028709e+01    2.2153599275e-06
    1.3478774071e+01    2.2153599275e-06
    1.4904888153e+01    2.2153599275e-06
    1.5648031235e+01    2.2153599275e-06
    1.6421125412e+01    2.2153599275e-06
    1.7206432343e+01    2.2153599275e-06
    1.8839942932e+01    2.2153599275e-06
    1.9676496506e+01    2.2153599275e-06
    2.0528148651e+01    2.2153599275e-06
    2.1391263962e+01    2.2153599275e-06
    2.2266407013e+01    2.2153599275e-06
    2.3152618408e+01    2.2153599275e-06
    2.4957067490e+01    2.2153599275e-06
    2.5874717712e+01    2.2153599275e-06
    2.6801721573e+01    2.2153599275e-06
    2.7738203049e+01    2.2153599275e-06
    2.8683654785e+01    2.2153599275e-06
    2.9637928009e+01    2.2153599275e-06
    3.0600488663e+01    2.2153599275e-06
    3.1571441650e+01    2.2153599275e-06
    3.2550354004e+01    2.2153599275e-06
    3.3537109375e+01    2.2153599275e-06
    3.4529449463e+01    2.2153599275e-06
    3.5526180267e+01    2.2153599275e-06
    3.6529651642e+01    2.2153599275e-06
    3.7539379120e+01    2.2153599275e-06
    3.8558261871e+01    2.2153599275e-06
    3.9580497742e+01    2.2153599275e-06
    4.0609596252e+01    2.2153599275e-06
    4.1644920349e+01    2.2153599275e-06
    4.2687736511e+01    2.2153599275e-06
    4.3733592987e+01    2.2153599275e-06
    4.4778373718e+01    2.2153599275e-06
    4.5827823639e+01    2.2153599275e-06
    4.6882846832e+01    2.2153599275e-06
    4.7943141937e+01    2.2153599275e-06
    4.9008892059e+01    2.2153599275e-06
    5.0080142975e+01    2.2153599275e-06
    5.1157989502e+01    2.2153599275e-06
    5.2239414215e+01    2.2153599275e-06
    5.3326347351e+01    2.2153599275e-06
    5.4416904449e+01    2.2153599275e-06
    5.5510566711e+01    2.2153599275e-06
    5.6606887817e+01    2.2153599275e-06
    5.7706230164e+01    2.2153599275e-06
    5.8808792114e+01    2.2153599275e-06
    5.9914524078e+01    2.2153599275e-06
    6.1022819519e+01    2.2153599275e-06
    6.2133293152e+01    2.2153599275e-06
    6.3249252319e+01    2.2153599275e-06
    6.4378501892e+01    2.2153599275e-06
    6.5512222290e+01    2.2153599275e-06
    6.6650276184e+01    2.2153599275e-06
    6.7790916443e+01    2.2153599275e-06
    6.8933296204e+01    2.2153599275e-06
    7.0078598022e+01    2.2153599275e-06
    7.1226539612e+01    2.2153599275e-06
    7.2375640869e+01    2.2153599275e-06
    7.3527450562e+01    2.2153599275e-06
    7.4680152893e+01    2.2153601549e-06
    7.5835548401e+01    2.2120461836e-06
    7.6993507385e+01    2.2120461836e-06
    7.8152351379e+01    2.2120459562e-06
    7.9313644409e+01    2.2153601549e-06
    8.0476127625e+01    2.2186750357e-06
    8.1640594482e+01    2.2153606096e-06
    8.2807281494e+01    2.2120459562e-06
    8.3974723816e+01    2.2153603823e-06
    8.5144386292e+01    2.2120464109e-06
    8.6315238953e+01    2.2120464109e-06
    8.7487724304e+01    2.2087317575e-06
    8.8662162781e+01    2.2054175588e-06
    8.9837272644e+01    2.2054173314e-06
    9.1014450073e+01    2.2087315301e-06
    9.2192520142e+01    2.2120459562e-06
    9.3372184753e+01    2.2120459562e-06
    9.4500198364e+01    2.2120461836e-06
    9.5619590759e+01    2.2120461836e-06
    9.6749359131e+01    2.2120459562e-06
    9.7861122131e+01    2.2120459562e-06
    9.9019271851e+01    2.2186743536e-06
    1.0020672607e+02    2.2219887796e-06
    1.0139472198e+02    2.2219890070e-06
    1.0255888367e+02    2.2153599275e-06
    1.0370766449e+02    2.2087315301e-06
    1.0486312103e+02    2.2021029054e-06
    1.0602238464e+02    2.2021024506e-06
    1.0718284607e+02    2.2021029054e-06
    1.0834589386e+02    2.2021026780e-06
    1.0952215576e+02    2.2054171041e-06
    1.1067596436e+02    2.2120457288e-06
    1.1181137848e+02    2.2186745809e-06
    1.1294892883e+02    2.2120459562e-06
    1.1410757446e+02    2.2120461836e-06
    1.1523799133e+02    2.2054175588e-06
    1.1641750336e+02    2.2054175588e-06
    1.1758191681e+02    2.2120461836e-06
    1.1873832703e+02    2.2219892344e-06
    1.1991976929e+02    2.2219885523e-06
    1.2109438324e+02    2.2219885523e-06
    1.2222765350e+02    2.2186745809e-06
    1.2339671326e+02    2.2120459562e-06
    1.2459108734e+02    2.2120459562e-06
    1.2577571106e+02    2.2087317575e-06
    1.2695529175e+02    2.2120461836e-06
    1.2816136169e+02    2.2186745809e-06
    1.2933650208e+02    2.2186748083e-06
    1.3051292419e+02    2.2120459562e-06
    1.3168991089e+02    2.2120461836e-06
    1.3288458252e+02    2.2219894618e-06
    1.3404324341e+02    2.2186750357e-06
    1.3524606323e+02    2.2120464109e-06
    1.3641296387e+02    2.2087319849e-06
    1.3761027527e+02    2.2120468657e-06
    1.3882463074e+02    2.2120466383e-06
    1.4002581787e+02    2.2054182409e-06
    1.4122383118e+02    2.1987893888e-06
    1.4242655945e+02    2.2021038149e-06
    1.4363375854e+02    2.2054180135e-06
    1.4481723022e+02    2.2087322122e-06
    1.4603709412e+02    2.2021038149e-06
    1.4724792480e+02    2.1921607640e-06
    1.4846891785e+02    2.1921607640e-06
    1.4963658142e+02    2.2021035875e-06
    1.5083538818e+02    2.2087322122e-06
    1.5202668762e+02    2.2120468657e-06
    1.5321263123e+02    2.2120466383e-06
    1.5443653870e+02    2.2219896891e-06
    1.5566081238e+02    2.2451895347e-06
    1.5688160706e+02    2.2750177777e-06
    1.5809652710e+02    2.3048462481e-06
    1.5928483582e+02    2.3479326501e-06
    1.6048114014e+02    2.3843906547e-06
    1.6169468689e+02    2.4042772111e-06
    1.6289721680e+02    2.3910199616e-06
    1.6412506104e+02    2.3479331048e-06
    1.6535313416e+02    2.2717040338e-06
    1.6657395935e+02    2.1855325940e-06
    1.6778500366e+02    2.1457617549e-06
    1.6898408508e+02    2.1557043510e-06
    1.7021408081e+02    2.1822183953e-06
    1.7144441223e+02    2.2120464109e-06
    1.7263467407e+02    2.2219899165e-06
    1.7386587524e+02    2.2021040422e-06
    1.7509034729e+02    2.1855330488e-06
    1.7632240295e+02    2.1921614461e-06
    1.7753457642e+02    2.2219899165e-06
    1.7876757812e+02    2.2385609100e-06
    1.8000065613e+02    2.2319327400e-06
    1.8123426819e+02    2.2120470931e-06
    1.8246827698e+02    2.2054184683e-06
    1.8370265198e+02    2.2219901439e-06
    1.8493760681e+02    2.2385615921e-06
    1.8617269897e+02    2.2319329673e-06
    1.8740835571e+02    2.2253045699e-06
    1.8864421082e+02    2.2253045699e-06
    1.8988043213e+02    2.2219905986e-06
    1.9111711121e+02    2.2087333491e-06
    1.9235408020e+02    2.2021044970e-06
    1.9359153748e+02    2.1822195322e-06
    1.9482923889e+02    2.1590194592e-06
    1.9606744385e+02    2.1523910618e-06
    1.9730581665e+02    2.1457624371e-06
    1.9854463196e+02    2.1391340397e-06
    1.9978367615e+02    2.1358202957e-06
    2.0102297974e+02    2.1424486931e-06
    2.0226269531e+02    2.1557052605e-06
    2.0350257874e+02    2.1623338853e-06
    2.0474302673e+02    2.1722760266e-06
    2.0598365784e+02    2.1954763270e-06
    2.0722465515e+02    2.2054191504e-06
    2.0846580505e+02    2.2120480025e-06
    2.0970729065e+02    2.2120477752e-06
    2.1094914246e+02    2.2153619739e-06
    2.1219119263e+02    2.2054191504e-06
    2.1343367004e+02    2.1954760996e-06
    2.1467630005e+02    2.1888479296e-06
    2.1591935730e+02    2.1855335035e-06
    2.1716264343e+02    2.1888481569e-06
    2.1840608215e+02    2.1987909804e-06
    2.1964994812e+02    2.2087335765e-06
    2.2089390564e+02    2.2186763999e-06
    2.2213827515e+02    2.2253050247e-06
    2.2338287354e+02    2.2219901439e-06
    2.2462767029e+02    2.2021051791e-06
    2.2587280273e+02    2.1755911348e-06
    2.2711814880e+02    2.1656485387e-06
    2.2836381531e+02    2.1789055609e-06
    2.2960964966e+02    2.1954763270e-06
    2.3085583496e+02    2.2120480025e-06
    2.3210214233e+02    2.2253050247e-06
    2.3334873962e+02    2.2219905986e-06
    2.3459552002e+02    2.2021049517e-06
    2.3584245300e+02    2.1888481569e-06
    2.3708967590e+02    2.1921621283e-06
    2.3833706665e+02    2.1954763270e-06
    2.3958477783e+02    2.1954758722e-06
    2.4083258057e+02    2.2054191504e-06
    2.4208076477e+02    2.2120473204e-06
    2.4332913208e+02    2.2054191504e-06
    2.4457774353e+02    2.2021047243e-06
    2.4582644653e+02    2.2054191504e-06
    2.4707548523e+02    2.2186759452e-06
    2.4832479858e+02    2.2153619739e-06
    2.4957412720e+02    2.2087333491e-06
    2.5082371521e+02    2.2219903713e-06
    2.5207366943e+02    2.2418757908e-06
    2.5332365417e+02    2.2551330403e-06
    2.5457394409e+02    2.2717049433e-06
    2.5582431030e+02    2.3313621114e-06
    2.5707510376e+02    2.4109303922e-06
    2.5832571411e+02    2.5137012472e-06
    2.5957687378e+02    2.6993391202e-06
    2.6082827759e+02    2.9811137665e-06
    2.6207974243e+02    3.4021661577e-06
    2.6333148193e+02    4.0354811972e-06
    2.6458340454e+02    4.9905906963e-06
    2.6583532715e+02    6.4037790253e-06
    2.6708743286e+02    8.4480916485e-06
    2.6833959961e+02    1.1383529454e-05
    2.6959237671e+02    1.5504498151e-05
    2.7084494019e+02    2.1193913199e-05
    2.7209799194e+02    2.8881391700e-05
    2.7335107422e+02    3.9045382437e-05
    2.7460433960e+02    5.2168237744e-05
    2.7585772705e+02    6.8617933721e-05
    2.7711126709e+02    8.8525608589e-05
    2.7836499023e+02    1.1164906755e-04
    2.7961868286e+02    1.3724560267e-04
    2.8087255859e+02    1.6389018856e-04
    2.8212622070e+02    1.8965238996e-04
    2.8338000488e+02    2.1208648104e-04
    2.8463433838e+02    2.2887591331e-04
    2.8588940430e+02    2.3824977688e-04
    2.8714495850e+02    2.3937401420e-04
    2.8840002441e+02    2.3223513563e-04
    2.8965420532e+02    2.1742768877e-04
    2.9090832520e+02    1.9638682716e-04
    2.9216281128e+02    1.7111985653e-04
    2.9341806030e+02    1.4421792002e-04
    2.9467425537e+02    1.1831611482e-04
    2.9592999268e+02    9.5769799373e-05
    2.9718557739e+02    7.8443437815e-05
    2.9844158936e+02    6.7488319473e-05
    2.9969833374e+02    6.3341562054e-05
    3.0095578003e+02    6.5740539867e-05
    3.0221273804e+02    7.3452974902e-05
    3.0346939087e+02    8.4305407654e-05
    3.0472668457e+02    9.5702453109e-05
    3.0598461914e+02    1.0531071894e-04
    3.0724270630e+02    1.1138125410e-04
    3.0850070190e+02    1.1298639583e-04
    3.0975839233e+02    1.0988942086e-04
    3.1101647949e+02    1.0248894250e-04
    3.1227514648e+02    9.1759749921e-05
    3.1353396606e+02    7.9184239439e-05
    3.1479278564e+02    6.6568609327e-05
    3.1605151367e+02    5.5628257542e-05
    3.1731033325e+02    4.7753263061e-05
    3.1856964111e+02    4.3842079322e-05
    3.1982864380e+02    4.4105177949e-05
    3.2108770752e+02    4.7825276852e-05
    3.2234719849e+02    5.3442836361e-05
    3.2360678101e+02    5.9110545408e-05
    3.2486669922e+02    6.3267143560e-05
    3.2612573242e+02    6.5038097091e-05
    3.2738458252e+02    6.4127350925e-05
    3.2864459229e+02    6.0789370764e-05
    3.2990502930e+02    5.5708442233e-05
    3.3116555786e+02    4.9951824622e-05
    3.3242477417e+02    4.4726835768e-05
    3.3368319702e+02    4.1105096898e-05
    3.3494293213e+02    3.9745180402e-05
    3.3620388794e+02    4.0720755351e-05
    3.3746499634e+02    4.3441279558e-05
    3.3872543335e+02    4.6731805924e-05
    3.3998382568e+02    4.9317950470e-05
    3.4124255371e+02    5.0314371038e-05
    3.4250320435e+02    4.9394675443e-05
    3.4376492310e+02    4.6751210903e-05
    3.4502670288e+02    4.2940268031e-05
    3.4628619385e+02    3.8841109927e-05
    3.4754415894e+02    3.5442106309e-05
    3.4880361938e+02    3.3536336559e-05
    3.5006552124e+02    3.3502485167e-05
    3.5132757568e+02    3.5208457120e-05
    3.5258963013e+02    3.7958765461e-05
    3.5384841919e+02    4.0723858547e-05
    3.5510720825e+02    4.2514420784e-05
    3.5636816406e+02    4.2733136070e-05
    3.5763095093e+02    4.1247825720e-05
    3.5889358521e+02    3.8450958527e-05
    3.6015557861e+02    3.5068016587e-05
    3.6141549683e+02    3.1912866689e-05
    3.6267651367e+02    2.9786036976e-05
    3.6393966675e+02    2.9234797694e-05
    3.6520291138e+02    3.0309916838e-05
    3.6646563721e+02    3.2493793697e-05
    3.6772897339e+02    3.4994132875e-05
    3.6899044800e+02    3.6999270378e-05
    3.7025283813e+02    3.7979429180e-05
    3.7151608276e+02    3.7720892578e-05
    3.7277932739e+02    3.6409670429e-05
    3.7404281616e+02    3.4454551496e-05
    3.7530667114e+02    3.2435134926e-05
    3.7656854248e+02    3.0927469197e-05
    3.7783151245e+02    3.0335502743e-05
    3.7909362793e+02    3.0723891541e-05
    3.8035690308e+02    3.1771425711e-05
    3.8162088013e+02    3.2994215871e-05
    3.8288461304e+02    3.3872925997e-05
    3.8414846802e+02    3.4099040931e-05
    3.8541033936e+02    3.3634667489e-05
    3.8667208862e+02    3.2612588257e-05
    3.8793576050e+02    3.1349391065e-05
    3.8919891357e+02    3.0177208828e-05
    3.9046276855e+02    2.9362077839e-05
    3.9172656250e+02    2.9022616218e-05
    3.9298834229e+02    2.9045944757e-05
    3.9425057983e+02    2.9159033147e-05
    3.9551278687e+02    2.9162343708e-05
    3.9677355957e+02    2.8961932912e-05
    3.9803637695e+02    2.8568547350e-05
    3.9930014038e+02    2.8092443245e-05
    4.0056130981e+02    2.7743228202e-05
    4.0182379150e+02    2.7627327654e-05
    4.0308465576e+02    2.7737367418e-05
    4.0434600830e+02    2.7950422009e-05
    4.0560983276e+02    2.8080137781e-05
    4.0687289429e+02    2.7926429539e-05
    4.0813534546e+02    2.7402484193e-05
    4.0939947510e+02    2.6569477996e-05
    4.1066247559e+02    2.5684217690e-05
    4.1192645264e+02    2.5019440727e-05
    4.1319198608e+02    2.4740338631e-05
    4.1445581055e+02    2.4907558327e-05
    4.1571981812e+02    2.5400513550e-05
    4.1698544312e+02    2.5928944524e-05
    4.1824905396e+02    2.6181922294e-05
    4.1951388550e+02    2.5928247851e-05
    4.2078067017e+02    2.5197854484e-05
    4.2204373169e+02    2.4165696232e-05
    4.2330844116e+02    2.3141234124e-05
    4.2457418823e+02    2.2403561161e-05
    4.2584063721e+02    2.2157852072e-05
    4.2710586548e+02    2.2381411327e-05
    4.2837173462e+02    2.2907428502e-05
    4.2963763428e+02    2.3462445824e-05
    4.3090451050e+02    2.3718594093e-05
    4.3217059326e+02    2.3505155696e-05
    4.3343444824e+02    2.2905107471e-05
    4.3469866943e+02    2.2136484404e-05
    4.3596508789e+02    2.1401872800e-05
    4.3723251343e+02    2.0920071620e-05
    4.3849902344e+02    2.0837413103e-05
    4.3976528931e+02    2.1100970116e-05
    4.4102856445e+02    2.1546873541e-05
    4.4229272461e+02    2.1965612177e-05
    4.4355926514e+02    2.2171656383e-05
    4.4482684326e+02    2.2061582058e-05
    4.4609475708e+02    2.1675068638e-05
    4.4735900879e+02    2.1125759304e-05
    4.4862060547e+02    2.0580402634e-05
    4.4988348389e+02    2.0151754143e-05
    4.5114910889e+02    1.9879553292e-05
    4.5241580200e+02    1.9746799808e-05
    4.5368441772e+02    1.9743740268e-05
    4.5494894409e+02    1.9810349841e-05
    4.5621105957e+02    1.9843557311e-05
    4.5747546387e+02    1.9826786229e-05
    4.5874176025e+02    1.9776773115e-05
    4.6000869751e+02    1.9676908778e-05
    4.6127716064e+02    1.9520479327e-05
    4.6254296875e+02    1.9320867068e-05
    4.6380706787e+02    1.9097971744e-05
    4.6507278442e+02    1.8842105419e-05
    4.6633905029e+02    1.8596343580e-05
    4.6760638428e+02    1.8410335542e-05
    4.6887521362e+02    1.8337581423e-05
    4.7014080811e+02    1.8414255464e-05
    4.7140560913e+02    1.8597105736e-05
    4.7267205811e+02    1.8789629394e-05
    4.7394064331e+02    1.8872531655e-05
    4.7521041870e+02    1.8749053197e-05
    4.7647836304e+02    1.8399996407e-05
    4.7774392700e+02    1.7911484974e-05
    4.7901129150e+02    1.7469848899e-05
    4.8027941895e+02    1.7251004465e-05
    4.8154678345e+02    1.7304684661e-05
    4.8281466675e+02    1.7623799067e-05
    4.8408386230e+02    1.8055452529e-05
    4.8535247803e+02    1.8344358978e-05
    4.8662142944e+02    1.8277389245e-05
    4.8789102173e+02    1.7874950572e-05
    4.8915988159e+02    1.7273327103e-05
    4.9042773438e+02    1.6709009287e-05
    4.9169723511e+02    1.6406958821e-05
    4.9296539307e+02    1.6434103600e-05
    4.9423562622e+02    1.6729969502e-05
    4.9550607300e+02    1.7158465198e-05
    4.9677331543e+02    1.7483776901e-05
    4.9803964233e+02    1.7503281924e-05
    4.9930734253e+02    1.7200658476e-05
    5.0057723999e+02    1.6702151697e-05
    5.0184838867e+02    1.6200972823e-05
    5.0311593628e+02    1.5918820282e-05
    5.0438168335e+02    1.5929312212e-05
    5.0564923096e+02    1.6192007024e-05
    5.0691909790e+02    1.6567346393e-05
    5.0818948364e+02    1.6892645363e-05
    5.0946078491e+02    1.6955498722e-05
    5.1073092651e+02    1.6709280317e-05
    5.1200006104e+02    1.6277248506e-05
    5.1326892090e+02    1.5829044060e-05
    5.1453881836e+02    1.5510464436e-05
    5.1580975342e+02    1.5414423615e-05
    5.1708160400e+02    1.5527664800e-05
    5.1835113525e+02    1.5790246835e-05
    5.1962036133e+02    1.6079056877e-05
    5.2089111328e+02    1.6245090592e-05
    5.2216314697e+02    1.6208490706e-05
    5.2343365479e+02    1.6009096726e-05
    5.2470428467e+02    1.5719917428e-05
    5.2597570801e+02    1.5454306777e-05
    5.2724816895e+02    1.5288291252e-05
    5.2852050781e+02    1.5238593733e-05
    5.2979229736e+02    1.5262010493e-05
    5.3106274414e+02    1.5322091713e-05
    5.3233465576e+02    1.5391919078e-05
    5.3360742188e+02    1.5471568986e-05
    5.3488043213e+02    1.5517942302e-05
    5.3615319824e+02    1.5501313101e-05
    5.3742523193e+02    1.5404815713e-05
    5.3869641113e+02    1.5228736629e-05
    5.3996789551e+02    1.5039579011e-05
    5.4124060059e+02    1.4910069694e-05
    5.4251354980e+02    1.4877052308e-05
    5.4378552246e+02    1.4987064787e-05
    5.4505725098e+02    1.5209658159e-05
    5.4633007812e+02    1.5412102584e-05
    5.4760351562e+02    1.5511710444e-05
    5.4887658691e+02    1.5461704606e-05
    5.5014971924e+02    1.5232245460e-05
    5.5142327881e+02    1.4903370356e-05
    5.5269696045e+02    1.4618109162e-05
    5.5397021484e+02    1.4478767298e-05
    5.5524365234e+02    1.4509005268e-05
    5.5651708984e+02    1.4705543435e-05
    5.5779040527e+02    1.4997828657e-05
    5.5906237793e+02    1.5249929675e-05
    5.6033471680e+02    1.5362713384e-05
    5.6160797119e+02    1.5289351722e-05
    5.6288165283e+02    1.5066719243e-05
    5.6415533447e+02    1.4778036530e-05
    5.6542852783e+02    1.4535769878e-05
    5.6670043945e+02    1.4469695998e-05
    5.6797253418e+02    1.4609458049e-05
    5.6924548340e+02    1.4861977434e-05
    5.7051892090e+02    1.5090906345e-05
    5.7179205322e+02    1.5177130081e-05
    5.7306597900e+02    1.5090507986e-05
    5.7433886719e+02    1.4854537767e-05
    5.7561145020e+02    1.4569065570e-05
    5.7688494873e+02    1.4340123926e-05
    5.7815887451e+02    1.4240681594e-05
    5.7943218994e+02    1.4310724509e-05
    5.8070550537e+02    1.4510173969e-05
    5.8197949219e+02    1.4705988178e-05
    5.8325390625e+02    1.4815513168e-05
    5.8452850342e+02    1.4792130969e-05
    5.8580273438e+02    1.4619169633e-05
    5.8707629395e+02    1.4369975361e-05
    5.8835015869e+02    1.4114352780e-05
    5.8962445068e+02    1.3918648619e-05
    5.9089910889e+02    1.3832458535e-05
    5.9217401123e+02    1.3819262676e-05
    5.9344879150e+02    1.3839216990e-05
    5.9472283936e+02    1.3869014765e-05
    5.9599682617e+02    1.3865624169e-05
    5.9727130127e+02    1.3772479178e-05
    5.9854583740e+02    1.3596308236e-05
    5.9982037354e+02    1.3387197214e-05
    6.0109527588e+02    1.3164958546e-05
    6.0236975098e+02    1.3032263269e-05
    6.0364428711e+02    1.3029170987e-05
    6.0491925049e+02    1.3098993804e-05
    6.0619378662e+02    1.3181987015e-05
    6.0746820068e+02    1.3251625205e-05
    6.0874285889e+02    1.3254847545e-05
    6.1001745605e+02    1.3155087800e-05
    6.1129229736e+02    1.2969012460e-05
    6.1256683350e+02    1.2753299416e-05
    6.1384149170e+02    1.2590823644e-05
    6.1511645508e+02    1.2534528651e-05
    6.1639178467e+02    1.2584398974e-05
    6.1766693115e+02    1.2690655240e-05
    6.1894183350e+02    1.2796976080e-05
    6.2021667480e+02    1.2840052477e-05
    6.2149151611e+02    1.2823206816e-05
    6.2276672363e+02    1.2763447558e-05
    6.2404199219e+02    1.2723702639e-05
    6.2531707764e+02    1.2757195691e-05
    6.2659246826e+02    1.2960015738e-05
    6.2786785889e+02    1.3315412616e-05
    6.2914306641e+02    1.3767131350e-05
    6.3041839600e+02    1.4235421077e-05
    6.3169329834e+02    1.4660575289e-05
    6.3296789551e+02    1.5032692318e-05
    6.3424273682e+02    1.5365061699e-05
    6.3551800537e+02    1.5744089978e-05
    6.3679364014e+02    1.6196347133e-05
    6.3806909180e+02    1.6711865101e-05
    6.3934454346e+02    1.7260588720e-05
    6.4061932373e+02    1.7749563995e-05
    6.4189398193e+02    1.8078857465e-05
    6.4316912842e+02    1.8195403754e-05
    6.4444488525e+02    1.8045970137e-05
    6.4572039795e+02    1.7614249373e-05
    6.4699584961e+02    1.6890458937e-05
    6.4827160645e+02    1.5877401893e-05
    6.4954718018e+02    1.4555503185e-05
    6.5082318115e+02    1.2891650840e-05
    6.5209912109e+02    1.0909599041e-05
    6.5337493896e+02    8.6692562036e-06
    6.5465032959e+02    6.2306048676e-06
    6.5592474365e+02    3.7828783661e-06
    6.5720007324e+02    1.6208308580e-06
    6.5847558594e+02    4.7752291010e-08
    6.5975134277e+02    2.5103871759e-10
    6.6102758789e+02    4.9362388743e-26
    6.6230340576e+02    0.0000000000e+00
    6.6357897949e+02    0.0000000000e+00
    6.6485388184e+02    0.0000000000e+00
    6.6612811279e+02    0.0000000000e+00
    6.6740045166e+02    0.0000000000e+00
    6.6867620850e+02    0.0000000000e+00
    6.6995227051e+02    1.3036382143e-06
    6.7122839355e+02    5.8860150602e-06
    6.7250213623e+02    1.3452595340e-05
    6.7377606201e+02    2.2217276637e-05
    6.7505145264e+02    3.0015749871e-05
    6.7632751465e+02    3.4600096114e-05
    6.7760351562e+02    3.7570989662e-05
    6.7887957764e+02    4.0100381739e-05
    6.8015490723e+02    4.1680224967e-05
    6.8143017578e+02    4.0063612687e-05
    6.8270581055e+02    3.5740955354e-05
    6.8397949219e+02    2.9411685318e-05
    6.8525543213e+02    2.0845196559e-05
    6.8653161621e+02    1.2142906598e-05
    6.8780761719e+02    6.2789190451e-06
    6.8908325195e+02    3.3196472486e-06
    6.9035876465e+02    1.7770286149e-06
    6.9163055420e+02    1.4023927406e-06
    6.9290570068e+02    1.3711645579e-06
    6.9418194580e+02    1.0103648265e-06
    6.9545825195e+02    7.0568665933e-07
    6.9673480225e+02    4.3897298951e-07
    6.9801110840e+02    1.4107518487e-09
    6.9928747559e+02    9.9553282285e-11
    7.0056408691e+02    1.3064129856e-12
    7.0184063721e+02    0.0000000000e+00
    7.0311401367e+02    1.1597144356e-09
    7.0438995361e+02    2.0749908458e-09
    7.0566613770e+02    2.4826525280e-09
    7.0694238281e+02    3.5283042621e-07
    7.0821887207e+02    5.5777195485e-06
    7.0949560547e+02    9.4929855550e-06
    7.1077221680e+02    1.3618288904e-05
    7.1204864502e+02    1.9763854652e-05
    7.1332385254e+02    2.5431500035e-05
    7.1459954834e+02    2.7013935323e-05
    7.1587561035e+02    2.5145835025e-05
    7.1715209961e+02    2.0604464225e-05
    7.1842883301e+02    1.2362072994e-05
    7.1970544434e+02    2.5737417673e-06
    7.2098199463e+02    5.8305205108e-09
    7.2225872803e+02    3.6857743524e-09
    7.2353533936e+02    3.9888672920e-10
    7.2481213379e+02    0.0000000000e+00
    7.2608898926e+02    0.0000000000e+00
    7.2736566162e+02    0.0000000000e+00
    7.2864202881e+02    0.0000000000e+00
    7.2991833496e+02    3.8795358592e-10
    7.3119482422e+02    1.0635384795e-09
    7.3247125244e+02    4.6742793529e-06
    7.3374804688e+02    1.2835764210e-05
    7.3502453613e+02    1.3088460946e-05
    7.3630108643e+02    9.8423724921e-06
    7.3757794189e+02    7.8546190707e-06
    7.3885473633e+02    5.6612348089e-06
    7.4013146973e+02    6.8792014645e-06
    7.4140802002e+02    1.3924353880e-05
    7.4268481445e+02    1.9553726816e-05
    7.4396179199e+02    2.0785404558e-05
    7.4523834229e+02    2.0732170015e-05
    7.4651489258e+02    1.6839347154e-05
    7.4779180908e+02    8.0500140029e-06
    7.4906909180e+02    2.5192102839e-06
    7.5034521484e+02    3.1635888718e-06
    7.5162091064e+02    5.6872636378e-06
    7.5289807129e+02    9.7581832961e-06
    7.5417517090e+02    1.4687341718e-05
    7.5545214844e+02    1.5476893168e-05
    7.5672924805e+02    1.2322860130e-05
    7.5800671387e+02    8.9443592515e-06
    7.5928137207e+02    6.4262162596e-06
    7.6055859375e+02    5.0311291488e-06
    7.6183563232e+02    5.5287760006e-06
    7.6311273193e+02    7.2853167694e-06
    7.6439019775e+02    8.9517352535e-06
    7.6566674805e+02    9.5358263934e-06
    7.6694372559e+02    8.1838816186e-06
    7.6822088623e+02    5.8140844885e-06
    7.6949792480e+02    4.7514326980e-06
    7.7077496338e+02    5.2795130614e-06
    7.7205218506e+02    6.0885904531e-06
    7.7332952881e+02    7.2647912930e-06
    7.7460711670e+02    9.6383973869e-06
    7.7588421631e+02    1.2268731552e-05
    7.7716101074e+02    1.4175823708e-05
    7.7843798828e+02    1.5245604118e-05
    7.7971527100e+02    1.4994654521e-05
    7.8099230957e+02    1.3561647393e-05
    7.8226922607e+02    1.2568238162e-05
    7.8354626465e+02    1.2245035578e-05
    7.8482348633e+02    1.1380322576e-05
    7.8610058594e+02    1.0323584320e-05
    7.8737738037e+02    1.0157122233e-05
    7.8865447998e+02    1.0181174730e-05
    7.8993206787e+02    9.2468271760e-06
    7.9120941162e+02    7.9475403254e-06
    7.9248687744e+02    6.9800057645e-06
    7.9376403809e+02    6.4027940425e-06
    7.9504144287e+02    6.9471757342e-06
    7.9631890869e+02    8.8029164544e-06
    7.9759680176e+02    1.0205953913e-05
    7.9887451172e+02    9.5005352705e-06
    8.0015228271e+02    7.3321425589e-06
    8.0143011475e+02    5.7634711084e-06
    8.0270819092e+02    5.3460948948e-06
    8.0398602295e+02    5.2623422562e-06
    8.0526403809e+02    5.9145168052e-06
    8.0654199219e+02    7.8898165157e-06
    8.0782006836e+02    9.7912025012e-06
    8.0909802246e+02    1.0529688552e-05
    8.1037561035e+02    1.0769160326e-05
    8.1165289307e+02    1.0739909158e-05
    8.1293011475e+02    1.0292737898e-05
    8.1420764160e+02    9.8784275906e-06
    8.1548474121e+02    9.9081389635e-06
    8.1676232910e+02    1.0475251656e-05
    8.1804028320e+02    1.1168821402e-05
    8.1931744385e+02    1.1129147424e-05
    8.2059460449e+02    1.0448592548e-05
    8.2187139893e+02    1.0527549421e-05
    8.2314819336e+02    1.1407096281e-05
    8.2442547607e+02    1.1350603927e-05
    8.2570324707e+02    1.0255884263e-05
    8.2698132324e+02    9.1952852017e-06
    8.2825933838e+02    8.2502847363e-06
    8.2953680420e+02    7.2623151937e-06
    8.3081414795e+02    6.7415385274e-06
    8.3209179688e+02    6.9324978540e-06
    8.3336950684e+02    7.8307411968e-06
    8.3464733887e+02    9.1365436674e-06
    8.3592547607e+02    9.8429081845e-06
    8.3720373535e+02    9.1467973107e-06
    8.3848211670e+02    7.4490799307e-06
    8.3976068115e+02    6.0830693656e-06
    8.4103924561e+02    6.0393745116e-06
    8.4231768799e+02    7.1946706157e-06
    8.4359582520e+02    8.8299057097e-06
    8.4487384033e+02    1.0300386748e-05
    8.4615155029e+02    1.0872226085e-05
    8.4742926025e+02    1.0130524970e-05
    8.4870727539e+02    8.7451917352e-06
    8.4998541260e+02    7.7904778664e-06
    8.5126330566e+02    7.6746118793e-06
    8.5254101562e+02    8.4963439804e-06
    8.5381909180e+02    1.0103798559e-05
    8.5509741211e+02    1.1759214431e-05
    8.5637542725e+02    1.2532557776e-05
    8.5765350342e+02    1.1982374417e-05
    8.5893176270e+02    1.0336941159e-05
    8.6021002197e+02    8.5127894636e-06
    8.6148809814e+02    7.6044775597e-06
    8.6276611328e+02    7.7207969298e-06
    8.6404425049e+02    8.1947146100e-06
    8.6532238770e+02    8.7076796262e-06
    8.6660028076e+02    9.3268563433e-06
    8.6787847900e+02    9.6584326457e-06
    8.6915649414e+02    9.3538346846e-06
    8.7043389893e+02    8.6511881818e-06
    8.7171154785e+02    8.1372791101e-06
    8.7298944092e+02    8.1578209574e-06
    8.7426678467e+02    8.4563116616e-06
    8.7554443359e+02    8.4263365352e-06
    8.7682269287e+02    7.8883904280e-06
    8.7810107422e+02    7.2278285188e-06
    8.7937982178e+02    6.8759022724e-06
    8.8065771484e+02    6.8363074206e-06
    8.8193499756e+02    6.9724569585e-06
    8.8321240234e+02    7.3805963439e-06
    8.8449047852e+02    8.0177233031e-06
    8.8576898193e+02    8.5852989287e-06
    8.8704718018e+02    8.9473178377e-06
    8.8832495117e+02    9.1001302280e-06
    8.8960247803e+02    8.9870845841e-06
    8.9088000488e+02    8.8770266302e-06
    8.9215698242e+02    9.2178770501e-06
    8.9343347168e+02    1.0084158021e-05
    8.9470983887e+02    1.0870863662e-05
    8.9598663330e+02    1.0964758076e-05
    8.9726367188e+02    1.0338259017e-05
    8.9854064941e+02    9.1680631158e-06
    8.9981732178e+02    7.7515369412e-06
    9.0109393311e+02    6.8191511673e-06
    9.0237078857e+02    7.0004957706e-06
    9.0364776611e+02    7.9752016973e-06
    9.0492517090e+02    8.9202821982e-06
    9.0620269775e+02    9.5903151305e-06
    9.0748028564e+02    9.7768834166e-06
    9.0875787354e+02    9.0344210548e-06
    9.1003460693e+02    7.6251021710e-06
    9.1131219482e+02    6.6626630542e-06
    9.1258947754e+02    6.7812638918e-06
    9.1386639404e+02    7.6330079537e-06
    9.1514422607e+02    8.4025459728e-06
    9.1642175293e+02    8.6882191681e-06
    9.1769921875e+02    8.4799166871e-06
    9.1897662354e+02    7.9893097791e-06
    9.2025354004e+02    7.4356812547e-06
    9.2153143311e+02    7.2465149970e-06
    9.2280895996e+02    7.7333861555e-06
    9.2408636475e+02    8.6215013653e-06
    9.2536456299e+02    9.3184253274e-06
    9.2664208984e+02    9.5078703453e-06
    9.2791973877e+02    9.2598984338e-06
    9.2919793701e+02    8.7592261480e-06
    9.3047583008e+02    8.2752949311e-06
    9.3175384521e+02    8.1194202721e-06
    9.3303186035e+02    8.3779113993e-06
    9.3431018066e+02    8.7094440460e-06
    9.3558837891e+02    8.8055949163e-06
    9.3686676025e+02    8.6994232333e-06
    9.3814520264e+02    8.5602659965e-06
    9.3942346191e+02    8.3153554442e-06
    9.4070153809e+02    7.8911034507e-06
    9.4197985840e+02    7.5065358942e-06
    9.4325738525e+02    7.4165564001e-06
    9.4453491211e+02    7.6216547313e-06
    9.4581250000e+02    7.8732664406e-06
    9.4709014893e+02    7.8101447798e-06
    9.4836724854e+02    7.3824398896e-06
    9.4964416504e+02    6.9680040724e-06
    9.5092163086e+02    6.8586682573e-06
    9.5219854736e+02    6.8819895205e-06
    9.5347558594e+02    6.7758505793e-06
    9.5475250244e+02    6.6893849180e-06
    9.5602880859e+02    6.7786736508e-06
    9.5730566406e+02    6.8847562034e-06
    9.5858233643e+02    6.9181246545e-06
    9.5985839844e+02    6.9549801083e-06
    9.6113476562e+02    7.0383480306e-06
    9.6241052246e+02    7.2576972343e-06
    9.6368670654e+02    7.8114353528e-06
    9.6496264648e+02    8.6505961008e-06
    9.6623803711e+02    9.3638182079e-06
    9.6751348877e+02    9.4932429420e-06
    9.6878802490e+02    8.9292561825e-06
    9.7006158447e+02    8.0333784354e-06
    9.7133367920e+02    7.3338765105e-06
    9.7260522461e+02    6.9628458732e-06
    9.7387457275e+02    6.8771078077e-06
    9.7514331055e+02    7.1192935138e-06
    9.7640881348e+02    7.5439725151e-06
    9.7767260742e+02    7.8653210949e-06
    9.7893511963e+02    7.9641713455e-06
    9.8019604492e+02    7.8545062934e-06
    9.8145538330e+02    7.5891507549e-06
    9.8271020508e+02    7.2145908234e-06
    9.8396295166e+02    6.8003214437e-06
    9.8520526123e+02    6.4492292040e-06
    9.8643432617e+02    6.3266083998e-06
    9.8764691162e+02    6.4690052568e-06
    9.8884820557e+02    6.6841585067e-06
    9.9005517578e+02    6.8796084634e-06
    9.9124932861e+02    7.1050635597e-06
    9.9244146729e+02    7.3505739238e-06
    9.9364569092e+02    7.4668510024e-06
    9.9484771729e+02    7.4204567682e-06
    9.9605804443e+02    7.4038375715e-06
    9.9727386475e+02    7.5530347203e-06
    9.9849328613e+02    7.8250786828e-06
    9.9971276855e+02    8.0475929281e-06
    1.0009323730e+03    8.1141097326e-06
    1.0021560059e+03    8.0711470218e-06
    1.0033573608e+03    7.9751644080e-06
    1.0045797119e+03    7.8293942352e-06
    1.0057852173e+03    7.6335491030e-06
    1.0070137939e+03    7.5571151683e-06
    1.0082369385e+03    7.6730093497e-06
    1.0094650879e+03    7.8123184721e-06
    1.0106882324e+03    7.7727099779e-06
    1.0119098511e+03    7.5505340646e-06
    1.0131340332e+03    7.3051487561e-06
    1.0143648682e+03    7.1723729889e-06
    1.0155935669e+03    7.1722133725e-06
    1.0168249512e+03    7.2384659688e-06
    1.0180569458e+03    7.2915427154e-06
    1.0192803955e+03    7.3480064202e-06
    1.0205136108e+03    7.3879732554e-06
    1.0217321167e+03    7.3284941209e-06
    1.0229669800e+03    7.1031413427e-06
    1.0241970215e+03    6.8213244049e-06
    1.0254453125e+03    6.6488883022e-06
    1.0266815186e+03    6.6586108005e-06
    1.0278981934e+03    6.8011709118e-06
    1.0291409912e+03    6.9239845288e-06
    1.0303876953e+03    6.9474385782e-06
    1.0316102295e+03    6.8481608650e-06
    1.0328439941e+03    6.6393199631e-06
    1.0340769043e+03    6.4303008003e-06
    1.0353005371e+03    6.3407364905e-06
    1.0365351562e+03    6.3937859522e-06
    1.0377866211e+03    6.5364051807e-06
    1.0390137939e+03    6.7220694291e-06
    1.0402487793e+03    6.9144248300e-06
    1.0415006104e+03    7.1001777542e-06
    1.0427373047e+03    7.2296006692e-06
    1.0439750977e+03    7.3191299634e-06
    1.0452290039e+03    7.4217336987e-06
    1.0464757080e+03    7.5875300354e-06
    1.0477171631e+03    7.7635286289e-06
    1.0489726562e+03    7.8435041360e-06
    1.0502248535e+03    7.8008588389e-06
    1.0514691162e+03    7.6420637924e-06
    1.0527242432e+03    7.4531485552e-06
    1.0539803467e+03    7.3499090831e-06
    1.0552242432e+03    7.4457907431e-06
    1.0564807129e+03    7.6642754721e-06
    1.0577402344e+03    7.8198909250e-06
    1.0589858398e+03    7.7800596046e-06
    1.0602346191e+03    7.5447096606e-06
    1.0614959717e+03    7.1967278927e-06
    1.0627490234e+03    6.7793112066e-06
    1.0640073242e+03    6.3252668951e-06
    1.0652640381e+03    5.9442231759e-06
    1.0665153809e+03    5.8017662923e-06
    1.0677631836e+03    5.9211088228e-06
    1.0690220947e+03    6.2061012613e-06
    1.0702811279e+03    6.5836975409e-06
    1.0715360107e+03    7.0111805144e-06
    1.0727989502e+03    7.4354270510e-06
    1.0740671387e+03    7.7140903159e-06
    1.0753282471e+03    7.6517535490e-06
    1.0765887451e+03    7.3004539445e-06
    1.0778470459e+03    6.8995686888e-06
    1.0791113281e+03    6.6907937253e-06
    1.0803745117e+03    6.7899013629e-06
    1.0816384277e+03    7.2338420978e-06
    1.0829033203e+03    7.7808426795e-06
    1.0841658936e+03    8.1456655607e-06
    1.0854245605e+03    8.2222422861e-06
    1.0866887207e+03    8.0039872046e-06
    1.0879472656e+03    7.5930242929e-06
    1.0892093506e+03    7.1688305070e-06
    1.0904722900e+03    6.8836211540e-06
    1.0917408447e+03    6.7476089498e-06
    1.0930079346e+03    6.7175005825e-06
    1.0942742920e+03    6.7042287810e-06
    1.0955415039e+03    6.6547504503e-06
    1.0968132324e+03    6.5123117565e-06
    1.0980827637e+03    6.3100233092e-06
    1.0993464355e+03    6.1606115196e-06
    1.1006147461e+03    6.1899190769e-06
    1.1018822021e+03    6.3914735620e-06
    1.1031483154e+03    6.6533043537e-06
    1.1044161377e+03    6.7926152951e-06
    1.1056872559e+03    6.6802494985e-06
    1.1069544678e+03    6.3790998865e-06
    1.1082214355e+03    6.0942311393e-06
    1.1094881592e+03    6.0347088038e-06
    1.1107612305e+03    6.2037756834e-06
    1.1120313721e+03    6.4325049607e-06
    1.1132990723e+03    6.5752333285e-06
    1.1145711670e+03    6.4893047238e-06
    1.1158454590e+03    6.1977061705e-06
    1.1171146240e+03    5.9423095990e-06
    1.1183852539e+03    5.9617250372e-06
    1.1196544189e+03    6.2363637880e-06
    1.1209273682e+03    6.5876060944e-06
    1.1221981201e+03    6.8628464760e-06
    1.1234691162e+03    6.9955372055e-06
    1.1247424316e+03    6.9957659434e-06
    1.1260114746e+03    6.8570202529e-06
    1.1272835693e+03    6.5225708568e-06
    1.1285581055e+03    6.0557745201e-06
    1.1298306885e+03    5.6118806242e-06
    1.1311032715e+03    5.3138192015e-06
    1.1323741455e+03    5.2541577134e-06
    1.1336457520e+03    5.4723573157e-06
    1.1349178467e+03    5.8994705796e-06
    1.1361929932e+03    6.4199830376e-06
    1.1374638672e+03    6.8840686254e-06
    1.1387363281e+03    7.1560880315e-06
    1.1400059814e+03    7.2425573308e-06
    1.1412807617e+03    7.2891875789e-06
    1.1425565186e+03    7.3821606748e-06
    1.1438331299e+03    7.4719046097e-06
    1.1451094971e+03    7.4092167779e-06
    1.1463767090e+03    7.1508161454e-06
    1.1476403809e+03    6.8454960456e-06
    1.1489128418e+03    6.7722648964e-06
    1.1501876221e+03    6.9807988439e-06
    1.1514624023e+03    7.1565336839e-06
    1.1527290039e+03    7.1168324212e-06
    1.1540030518e+03    7.0271257755e-06
    1.1552760010e+03    7.1494800977e-06
    1.1565512695e+03    7.4411213973e-06
    1.1578278809e+03    7.6668893598e-06
    1.1591004639e+03    7.6440210250e-06
    1.1603742676e+03    7.3858886935e-06
    1.1616466064e+03    6.9848806561e-06
    1.1629075928e+03    6.6335428528e-06
    1.1641781006e+03    6.4246974034e-06
    1.1654537354e+03    6.2787494244e-06
    1.1667213135e+03    6.1062364693e-06
    1.1679836426e+03    5.9336707636e-06
    1.1692530518e+03    5.8075588640e-06
    1.1705301514e+03    5.6781736930e-06
    1.1718050537e+03    5.5421355682e-06
    1.1730827637e+03    5.4989809541e-06
    1.1743587646e+03    5.5685800362e-06
    1.1756295166e+03    5.6382232287e-06
    1.1769028320e+03    5.6350122577e-06
    1.1781788330e+03    5.6085268625e-06
    1.1794543457e+03    5.5422628975e-06
    1.1807280273e+03    5.3996541283e-06
    1.1820012207e+03    5.2502805374e-06
    1.1832690430e+03    5.1471338338e-06
    1.1845433350e+03    5.1038246056e-06
    1.1858197021e+03    5.1005372370e-06
    1.1870947266e+03    5.0609455684e-06
    1.1883673096e+03    5.0146936701e-06
    1.1896361084e+03    5.0746116358e-06
    1.1909085693e+03    5.2173268159e-06
    1.1921815186e+03    5.3069602473e-06
    1.1934532471e+03    5.2771915762e-06
    1.1947274170e+03    5.1510992307e-06
    1.1960015869e+03    4.9718933042e-06
    1.1972702637e+03    4.7795188038e-06
    1.1985364990e+03    4.5606707317e-06
    1.1998055420e+03    4.3056152208e-06
    1.2010791016e+03    4.1134876483e-06
    1.2023533936e+03    4.0339882617e-06
    1.2036162109e+03    4.0009795157e-06
    1.2048780518e+03    4.0178529161e-06
    1.2061459961e+03    4.1340194912e-06
    1.2074122314e+03    4.3395971261e-06
    1.2086716309e+03    4.5584156396e-06
    1.2099396973e+03    4.7606981752e-06
    1.2112099609e+03    4.9497903092e-06
    1.2124819336e+03    5.1289921430e-06
    1.2137506104e+03    5.3248495533e-06
    1.2150163574e+03    5.6036610658e-06
    1.2162845459e+03    5.9355879785e-06
    1.2175552979e+03    6.2741642068e-06
    1.2188094482e+03    6.6193092607e-06
    1.2200767822e+03    6.9842658377e-06
    1.2213432617e+03    7.3855658229e-06
    1.2226137695e+03    7.7768600022e-06
    1.2238708496e+03    8.1781090557e-06
    1.2251252441e+03    8.5329184003e-06
    1.2263953857e+03    8.7982934929e-06
    1.2276534424e+03    8.9477925940e-06
    1.2289105225e+03    8.9777449830e-06
    1.2301804199e+03    8.9180666691e-06
    1.2314493408e+03    8.8449951363e-06
    1.2326973877e+03    8.8082133516e-06
    1.2339621582e+03    8.7979469754e-06
    1.2352309570e+03    8.7480229922e-06
    1.2365012207e+03    8.5823803602e-06
    1.2377614746e+03    8.2940459833e-06
    1.2390202637e+03    7.9692163126e-06
    1.2402778320e+03    7.7438808148e-06
    1.2415367432e+03    7.6977712524e-06
    1.2428067627e+03    7.8039720393e-06
    1.2440695801e+03    7.9829542301e-06
    1.2453376465e+03    8.1585994849e-06
    1.2466029053e+03    8.2645765360e-06
    1.2478686523e+03    8.2445430962e-06
    1.2491359863e+03    8.0885456555e-06
    1.2503747559e+03    7.7999020505e-06
    1.2516293945e+03    7.4285430856e-06
    1.2528859863e+03    7.0971013884e-06
    1.2541396484e+03    6.8982312769e-06
    1.2554001465e+03    6.8054559961e-06
    1.2566625977e+03    6.7987562034e-06
    1.2579261475e+03    6.8484423537e-06
    1.2591920166e+03    6.9112406891e-06
    1.2604575195e+03    6.9508291745e-06
    1.2617247314e+03    6.9308039201e-06
    1.2629877930e+03    6.7883615884e-06
    1.2642550049e+03    6.5263016040e-06
    1.2655185547e+03    6.2344593061e-06
    1.2667752686e+03    5.9956714722e-06
    1.2680251465e+03    5.8696318774e-06
    1.2692824707e+03    5.8629680098e-06
    1.2705478516e+03    5.9360859268e-06
    1.2718133545e+03    5.9661592786e-06
    1.2730770264e+03    5.9630351643e-06
    1.2743405762e+03    5.9963190324e-06
    1.2755972900e+03    6.0859260884e-06
    1.2768631592e+03    6.1689556787e-06
    1.2781237793e+03    6.1856494540e-06
    1.2793743896e+03    6.1723580984e-06
    1.2806392822e+03    6.1723253566e-06
    1.2818958740e+03    6.2087433434e-06
    1.2831571045e+03    6.2419208007e-06
    1.2844218750e+03    6.2818567130e-06
    1.2856783447e+03    6.3118654907e-06
    1.2869433594e+03    6.3418433456e-06
    1.2882019043e+03    6.3817556111e-06
    1.2894674072e+03    6.4313958319e-06
    1.2907281494e+03    6.4245646172e-06
    1.2919915771e+03    6.3416314333e-06
    1.2932481689e+03    6.1857704168e-06
    1.2944968262e+03    6.0001129896e-06
    1.2957509766e+03    5.8277378230e-06
    1.2970036621e+03    5.7284046306e-06
    1.2982636719e+03    5.7352440308e-06
    1.2995115967e+03    5.8282871578e-06
    1.3007546387e+03    5.9908993535e-06
    1.3020079346e+03    6.1996965997e-06
    1.3032664795e+03    6.3917955231e-06
    1.3045240479e+03    6.5110511969e-06
    1.3057525635e+03    6.5506251303e-06
    1.3069993896e+03    6.4971795837e-06
    1.3082595215e+03    6.3444699663e-06
    1.3095158691e+03    6.1321757130e-06
    1.3107751465e+03    5.8937380345e-06
    1.3120303955e+03    5.6422290982e-06
    1.3132907715e+03    5.4833249123e-06
    1.3145527344e+03    5.5035584410e-06
    1.3158154297e+03    5.6230696828e-06
    1.3170793457e+03    5.7723659665e-06
    1.3183442383e+03    5.9581284404e-06
    1.3196097412e+03    6.1238692979e-06
    1.3208642578e+03    6.2332160269e-06
    1.3221259766e+03    6.3160368882e-06
    1.3233762207e+03    6.3658276304e-06
    1.3246390381e+03    6.3890715865e-06
    1.3258925781e+03    6.4056898736e-06
    1.3271561279e+03    6.4223136178e-06
    1.3284232178e+03    6.4090777414e-06
    1.3296844482e+03    6.3593447521e-06
    1.3309516602e+03    6.2764574977e-06
    1.3322150879e+03    6.1770097091e-06
    1.3334774170e+03    6.0974221014e-06
    1.3347410889e+03    6.0543338805e-06
    1.3360040283e+03    6.0377728914e-06
    1.3372624512e+03    6.0411325649e-06
    1.3385190430e+03    6.0312263486e-06
    1.3397770996e+03    6.0014372139e-06
    1.3410384521e+03    5.9517169575e-06
    1.3422929688e+03    5.8953569351e-06
    1.3435462646e+03    5.8290474954e-06
    1.3448109131e+03    5.7527972785e-06
    1.3460726318e+03    5.6864723774e-06
    1.3473284912e+03    5.6632397900e-06
    1.3485876465e+03    5.6599014897e-06
    1.3498524170e+03    5.6532285271e-06
    1.3511207275e+03    5.6166863942e-06
    1.3523839111e+03    5.5603245528e-06
    1.3536457520e+03    5.5074056036e-06
    1.3549117432e+03    5.4910838116e-06
    1.3561616211e+03    5.5575342230e-06
    1.3574267578e+03    5.6671519815e-06
    1.3586965332e+03    5.8299469856e-06
    1.3599672852e+03    6.0024481172e-06
    1.3612355957e+03    6.1383666434e-06
    1.3625047607e+03    6.2045805862e-06
    1.3637645264e+03    6.1946025198e-06
    1.3650212402e+03    6.1150872170e-06
    1.3662808838e+03    5.9659337239e-06
    1.3675476074e+03    5.8067307691e-06
    1.3688084717e+03    5.6972917264e-06
    1.3700792236e+03    5.6275780480e-06
    1.3713521729e+03    5.5877121667e-06
    1.3726251221e+03    5.5544787756e-06
    1.3738919678e+03    5.5046589296e-06
    1.3751625977e+03    5.4283227655e-06
    1.3764293213e+03    5.3155467867e-06
    1.3776876221e+03    5.1929127949e-06
    1.3789449463e+03    5.0968733376e-06
    1.3801988525e+03    5.0273861234e-06
    1.3814685059e+03    4.9943605518e-06
    1.3827366943e+03    4.9944769671e-06
    1.3839978027e+03    4.9978771131e-06
    1.3852633057e+03    4.9946170293e-06
    1.3865349121e+03    4.9814557315e-06
    1.3878070068e+03    4.9682366807e-06
    1.3890769043e+03    4.9715977184e-06
    1.3903486328e+03    5.0114199439e-06
    1.3916199951e+03    5.1010538300e-06
    1.3928818359e+03    5.2271229833e-06
    1.3941459961e+03    5.3465300880e-06
    1.3954158936e+03    5.4393858591e-06
    1.3966900635e+03    5.5355790209e-06
    1.3979642334e+03    5.6152243815e-06
    1.3992374268e+03    5.6650301303e-06
    1.4005095215e+03    5.6750454860e-06
    1.4017817383e+03    5.6518824749e-06
    1.4030516357e+03    5.6087815210e-06
    1.4043175049e+03    5.5589648582e-06
    1.4055933838e+03    5.4561483012e-06
    1.4068687744e+03    5.3234166444e-06
    1.4081430664e+03    5.1906567933e-06
    1.4094143066e+03    5.0546677812e-06
    1.4106900635e+03    4.9120635595e-06
    1.4119654541e+03    4.7761586757e-06
    1.4132403564e+03    4.6635109356e-06
    1.4145073242e+03    4.5807273636e-06
    1.4157714844e+03    4.5211440920e-06
    1.4170418701e+03    4.4980338316e-06
    1.4183179932e+03    4.4914540922e-06
    1.4195911865e+03    4.4915418584e-06
    1.4208674316e+03    4.4982389227e-06
    1.4221439209e+03    4.5314795898e-06
    1.4234127197e+03    4.5746364776e-06
    1.4246832275e+03    4.6276913963e-06
    1.4259569092e+03    4.6807576837e-06
    1.4272338867e+03    4.7139519666e-06
    1.4285114746e+03    4.7305557018e-06
    1.4297882080e+03    4.7372045628e-06
    1.4310651855e+03    4.7504895520e-06
    1.4323425293e+03    4.7770336096e-06
    1.4336171875e+03    4.8035585678e-06
    1.4348940430e+03    4.8201518439e-06
    1.4361690674e+03    4.8201754907e-06
    1.4374455566e+03    4.8003062147e-06
    1.4387182617e+03    4.7672319852e-06
    1.4399940186e+03    4.7341236495e-06
    1.4412701416e+03    4.6976942940e-06
    1.4425463867e+03    4.6711888899e-06
    1.4438184814e+03    4.6646096052e-06
    1.4450910645e+03    4.6812028813e-06
    1.4463569336e+03    4.6977879720e-06
    1.4476281738e+03    4.7276407713e-06
    1.4489044189e+03    4.7541620916e-06
    1.4501801758e+03    4.7674675443e-06
    1.4514504395e+03    4.7841053856e-06
    1.4527266846e+03    4.7874682423e-06
    1.4540032959e+03    4.7643525249e-06
    1.4552795410e+03    4.7578009799e-06
    1.4565573730e+03    4.7644948609e-06
    1.4578361816e+03    4.7712183004e-06
    1.4591148682e+03    4.7811990953e-06
    1.4603940430e+03    4.8110478019e-06
    1.4616658936e+03    4.8342776608e-06
    1.4629417725e+03    4.8343499657e-06
    1.4642205811e+03    4.8277670430e-06
    1.4655004883e+03    4.8410865929e-06
    1.4667784424e+03    4.8676633924e-06
    1.4680587158e+03    4.9008540373e-06
    1.4693354492e+03    4.9208001656e-06
    1.4706093750e+03    4.9540112741e-06
    1.4718869629e+03    4.9838813538e-06
    1.4731652832e+03    4.9839118219e-06
    1.4744362793e+03    4.9640502766e-06
    1.4757065430e+03    4.9242630666e-06
    1.4769855957e+03    4.8977290135e-06
    1.4782659912e+03    4.8844458433e-06
    1.4795413818e+03    4.8579086069e-06
    1.4808211670e+03    4.8114557103e-06
    1.4820916748e+03    4.7716312110e-06
    1.4833608398e+03    4.7086050472e-06
    1.4846384277e+03    4.6323184506e-06
    1.4859185791e+03    4.5759261411e-06
    1.4871959229e+03    4.5328847591e-06
    1.4884764404e+03    4.4931939556e-06
    1.4897575684e+03    4.4933071877e-06
    1.4910375977e+03    4.5000720093e-06
    1.4923179932e+03    4.5233623496e-06
    1.4935965576e+03    4.5831661737e-06
    1.4948714600e+03    4.6727654990e-06
    1.4961489258e+03    4.7789403652e-06
    1.4974246826e+03    4.8950505516e-06
    1.4987001953e+03    5.0011981330e-06
    1.4999735107e+03    5.0874291446e-06
    1.5012434082e+03    5.1504393923e-06
    1.5025183105e+03    5.1902261475e-06
    1.5037965088e+03    5.2101390793e-06
    1.5050756836e+03    5.2234331633e-06
    1.5063557129e+03    5.2135214901e-06
    1.5076319580e+03    5.1870279094e-06
    1.5089082031e+03    5.1605252338e-06
    1.5101844482e+03    5.1174301916e-06
    1.5114515381e+03    5.0610774451e-06
    1.5127219238e+03    5.0047488003e-06
    1.5139975586e+03    4.9285836212e-06
    1.5152745361e+03    4.8258848437e-06
    1.5165521240e+03    4.7231064855e-06
    1.5178294678e+03    4.6567965910e-06
    1.5191065674e+03    4.6335949264e-06
    1.5203843994e+03    4.6103941713e-06
    1.5216621094e+03    4.5673077693e-06
    1.5229410400e+03    4.5639958444e-06
    1.5242182617e+03    4.6004661272e-06
    1.5254962158e+03    4.6303202907e-06
    1.5267745361e+03    4.6667601055e-06
    1.5280539551e+03    4.7397170420e-06
    1.5293333740e+03    4.8160163715e-06
    1.5306134033e+03    4.8890324251e-06
    1.5318919678e+03    4.9654140639e-06
    1.5331685791e+03    5.0483909035e-06
    1.5344488525e+03    5.1280389926e-06
    1.5357288818e+03    5.2109940043e-06
    1.5370023193e+03    5.2641175898e-06
    1.5382778320e+03    5.3006660892e-06
    1.5395544434e+03    5.3073404160e-06
    1.5408306885e+03    5.3140297496e-06
    1.5421092529e+03    5.3207363635e-06
    1.5433892822e+03    5.3042253967e-06
    1.5446688232e+03    5.2711407079e-06
    1.5459484863e+03    5.2446666814e-06
    1.5472246094e+03    5.1916572374e-06
    1.5484958496e+03    5.1121169236e-06
    1.5497707520e+03    5.0259295676e-06
    1.5510471191e+03    4.9463751566e-06
    1.5523245850e+03    4.8601650633e-06
    1.5536030273e+03    4.7872022151e-06
    1.5548814697e+03    4.7208491196e-06
    1.5561566162e+03    4.6644654503e-06
    1.5574313965e+03    4.6511918299e-06
    1.5587089844e+03    4.6677769205e-06
    1.5599862061e+03    4.7074445320e-06
    1.5612604980e+03    4.7836988415e-06
    1.5625346680e+03    4.8699657782e-06
    1.5638109131e+03    4.9363802646e-06
    1.5650888672e+03    5.0160342653e-06
    1.5663674316e+03    5.0990347518e-06
    1.5676383057e+03    5.1621445891e-06
    1.5689082031e+03    5.2219170357e-06
    1.5701857910e+03    5.2883265198e-06
    1.5714548340e+03    5.3513854255e-06
    1.5727283936e+03    5.4244351304e-06
    1.5740069580e+03    5.4974352679e-06
    1.5752824707e+03    5.5737368712e-06
    1.5765561523e+03    5.6466792557e-06
    1.5778282471e+03    5.6964422583e-06
    1.5790971680e+03    5.7196943999e-06
    1.5803692627e+03    5.7264346651e-06
    1.5816475830e+03    5.7033043959e-06
    1.5829250488e+03    5.6735129874e-06
    1.5842025146e+03    5.6403528106e-06
    1.5854802246e+03    5.5607620197e-06
    1.5867539062e+03    5.4480392464e-06
    1.5880319824e+03    5.3286662478e-06
    1.5893061523e+03    5.1894035096e-06
    1.5905834961e+03    5.0335602282e-06
    1.5918610840e+03    4.8876654546e-06
    1.5931379395e+03    4.7550470299e-06
    1.5944130859e+03    4.6356849452e-06
    1.5956899414e+03    4.5395549932e-06
    1.5969670410e+03    4.4500566219e-06
    1.5982456055e+03    4.4003463699e-06
    1.5995200195e+03    4.4070388867e-06
    1.6007976074e+03    4.4402268031e-06
    1.6020722656e+03    4.5099172894e-06
    1.6033479004e+03    4.6359577937e-06
    1.6046208496e+03    4.7752714636e-06
    1.6058984375e+03    4.9079626478e-06
    1.6071783447e+03    5.0572189139e-06
    1.6084581299e+03    5.2097871048e-06
    1.6097385254e+03    5.3690164350e-06
    1.6110190430e+03    5.4884644669e-06
    1.6122950439e+03    5.5880245782e-06
    1.6135726318e+03    5.6776084421e-06
    1.6148431396e+03    5.7539459704e-06
    1.6161154785e+03    5.8137011365e-06
    1.6173935547e+03    5.8535424614e-06
    1.6186711426e+03    5.8834798438e-06
    1.6199473877e+03    5.8802070271e-06
    1.6212263184e+03    5.8702717070e-06
    1.6225042725e+03    5.8504115259e-06
    1.6237764893e+03    5.7608685893e-06
    1.6250517578e+03    5.6315275287e-06
    1.6263306885e+03    5.4856368479e-06
    1.6276075439e+03    5.3099515753e-06
    1.6288858643e+03    5.1243109738e-06
    1.6301632080e+03    4.9651807785e-06
    1.6314377441e+03    4.8126466936e-06
    1.6327150879e+03    4.6833392844e-06
    1.6339921875e+03    4.5772544581e-06
    1.6352633057e+03    4.5076426431e-06
    1.6365384521e+03    4.4579619498e-06
    1.6378171387e+03    4.4812150009e-06
    1.6390974121e+03    4.5442798182e-06
    1.6403756104e+03    4.6007162382e-06
    1.6416536865e+03    4.7001881285e-06
    1.6429296875e+03    4.8294718908e-06
    1.6442001953e+03    4.9455384215e-06
    1.6454698486e+03    5.0516705414e-06
    1.6467427979e+03    5.1412403081e-06
    1.6480198975e+03    5.1711394917e-06
    1.6492946777e+03    5.1744941629e-06
    1.6505734863e+03    5.1678671298e-06
    1.6518498535e+03    5.1513111430e-06
    1.6531295166e+03    5.1479823924e-06
    1.6544102783e+03    5.1214542509e-06
    1.6556887207e+03    5.0817011470e-06
    1.6569654541e+03    5.0452549658e-06
    1.6582429199e+03    4.9922196013e-06
    1.6595233154e+03    4.9126920203e-06
    1.6608021240e+03    4.8265569603e-06
    1.6620815430e+03    4.7139337767e-06
    1.6633592529e+03    4.5880588004e-06
    1.6646389160e+03    4.4754465307e-06
    1.6659196777e+03    4.3793579607e-06
    1.6672004395e+03    4.2633628254e-06
    1.6684810791e+03    4.1738867367e-06
    1.6697598877e+03    4.1241669351e-06
    1.6710385742e+03    4.0843706302e-06
    1.6723198242e+03    4.0810023165e-06
    1.6736007080e+03    4.1472999328e-06
    1.6748813477e+03    4.2334950194e-06
    1.6761618652e+03    4.3131058192e-06
    1.6774370117e+03    4.4092735152e-06
    1.6787139893e+03    4.5220249376e-06
    1.6799930420e+03    4.6314867177e-06
    1.6812718506e+03    4.7243925110e-06
    1.6825501709e+03    4.7907642511e-06
    1.6838309326e+03    4.8471752052e-06
    1.6851119385e+03    4.8837214308e-06
    1.6863918457e+03    4.9069667512e-06
    1.6876711426e+03    4.9235677579e-06
    1.6889451904e+03    4.9501099966e-06
    1.6902171631e+03    4.9766817938e-06
    1.6914942627e+03    4.9866589507e-06
    1.6927720947e+03    4.9933296395e-06
    1.6940527344e+03    4.9933546507e-06
    1.6953319092e+03    4.9867462621e-06
    1.6966116943e+03    4.9536456572e-06
    1.6978914795e+03    4.8940282795e-06
    1.6991702881e+03    4.8244564823e-06
    1.7004501953e+03    4.7416074267e-06
    1.7017308350e+03    4.6355153245e-06
    1.7030117188e+03    4.5260962906e-06
    1.7042860107e+03    4.4299299589e-06
    1.7055565186e+03    4.3569971240e-06
    1.7068288574e+03    4.3072341214e-06
    1.7081040039e+03    4.2807564569e-06
    1.7093814697e+03    4.2973861127e-06
    1.7106602783e+03    4.3670361265e-06
    1.7119409180e+03    4.4498965508e-06
    1.7132215576e+03    4.5361643970e-06
    1.7145026855e+03    4.6124955588e-06
    1.7157844238e+03    4.6689442570e-06
    1.7170650635e+03    4.7319886107e-06
    1.7183466797e+03    4.7950215958e-06
    1.7196273193e+03    4.8547367442e-06
    1.7209064941e+03    4.8846368372e-06
    1.7221875000e+03    4.8847223297e-06
    1.7234678955e+03    4.8847564358e-06
    1.7247469482e+03    4.9079753808e-06
    1.7260278320e+03    4.9146347010e-06
    1.7273099365e+03    4.9112818488e-06
    1.7285913086e+03    4.9245318223e-06
    1.7298718262e+03    4.9278610277e-06
    1.7311511230e+03    4.8881101975e-06
    1.7324320068e+03    4.8351171245e-06
    1.7337137451e+03    4.7887538130e-06
    1.7349956055e+03    4.7357402764e-06
    1.7362777100e+03    4.6959685278e-06
    1.7375574951e+03    4.6760906116e-06
    1.7388377686e+03    4.6528944040e-06
    1.7401157227e+03    4.6098275561e-06
    1.7413930664e+03    4.5932961257e-06
    1.7426726074e+03    4.5900369514e-06
    1.7439517822e+03    4.5635565584e-06
    1.7452283936e+03    4.5569481699e-06
    1.7465054932e+03    4.5967458391e-06
    1.7477808838e+03    4.6298928282e-06
    1.7490578613e+03    4.6497798394e-06
    1.7503372803e+03    4.6895675041e-06
    1.7516158447e+03    4.7194203034e-06
    1.7528931885e+03    4.7625280786e-06
    1.7541699219e+03    4.8023434829e-06
    1.7554460449e+03    4.8256001719e-06
    1.7567264404e+03    4.8588221944e-06
    1.7580057373e+03    4.8853694352e-06
    1.7592803955e+03    4.8986626098e-06
    1.7605583496e+03    4.9053905968e-06
    1.7618383789e+03    4.9220288929e-06
    1.7631192627e+03    4.9585528359e-06
    1.7644001465e+03    4.9983909776e-06
    1.7656810303e+03    5.0249727792e-06
    1.7669617920e+03    5.0681392167e-06
    1.7682427979e+03    5.1278698265e-06
    1.7695235596e+03    5.1776291912e-06
    1.7708045654e+03    5.2340251386e-06
    1.7720845947e+03    5.2904119912e-06
    1.7733646240e+03    5.3434814618e-06
    1.7746439209e+03    5.3998774092e-06
    1.7759244385e+03    5.4628858379e-06
    1.7772059326e+03    5.5292171055e-06
    1.7784871826e+03    5.6320463955e-06
    1.7797687988e+03    5.7448146435e-06
    1.7810499268e+03    5.8642494878e-06
    1.7823321533e+03    6.0035777096e-06
    1.7836119385e+03    6.1561991060e-06
    1.7848909912e+03    6.3187594606e-06
    1.7861710205e+03    6.4747014221e-06
    1.7874515381e+03    6.6240222623e-06
    1.7887308350e+03    6.7866476456e-06
    1.7900123291e+03    6.9426478149e-06
    1.7912930908e+03    7.0986520768e-06
    1.7925728760e+03    7.2579637163e-06
    1.7938532715e+03    7.4205895544e-06
    1.7951345215e+03    7.5931425272e-06
    1.7964152832e+03    7.7856202552e-06
    1.7976970215e+03    7.9814335550e-06
    1.7989790039e+03    8.1705848061e-06
    1.8002609863e+03    8.3697150330e-06
    1.8015375977e+03    8.5787987700e-06
    1.8028161621e+03    8.8011302068e-06
    1.8040971680e+03    9.0102166723e-06
    1.8053787842e+03    9.2192894954e-06
    1.8066595459e+03    9.4118040579e-06
    1.8079398193e+03    9.6043268059e-06
    1.8092213135e+03    9.8001792139e-06
    1.8105025635e+03    9.9960407169e-06
    1.8117841797e+03    1.0195220966e-05
    1.8130651855e+03    1.0387787370e-05
    1.8143419189e+03    1.0587005818e-05
    1.8156210938e+03    1.0782915524e-05
    1.8169027100e+03    1.0978864339e-05
    1.8181831055e+03    1.1174833162e-05
    1.8194597168e+03    1.1384097888e-05
    1.8207381592e+03    1.1583363630e-05
    1.8220195312e+03    1.1762735085e-05
    1.8233018799e+03    1.1922192243e-05
    1.8245834961e+03    1.2055068510e-05
    1.8258651123e+03    1.2158047866e-05
    1.8271474609e+03    1.2227791558e-05
    1.8284301758e+03    1.2254364265e-05
    1.8297092285e+03    1.2251040062e-05
    1.8309893799e+03    1.2211215108e-05
    1.8322714844e+03    1.2128227354e-05
    1.8335538330e+03    1.2021998373e-05
    1.8348363037e+03    1.1859346159e-05
    1.8361187744e+03    1.1650223314e-05
    1.8373996582e+03    1.1397925846e-05
    1.8386802979e+03    1.1115764210e-05
    1.8399621582e+03    1.0780507182e-05
    1.8412438965e+03    1.0392160220e-05
    1.8425245361e+03    9.9905419120e-06
    1.8438040771e+03    9.5491159300e-06
    1.8450850830e+03    9.0712546807e-06
    1.8463665771e+03    8.5602468971e-06
    1.8476474609e+03    8.0227418948e-06
    1.8489299316e+03    7.4786239566e-06
    1.8502124023e+03    6.9246088970e-06
    1.8514938965e+03    6.3474385570e-06
    1.8527727051e+03    5.7504416873e-06
    1.8540538330e+03    5.1634256124e-06
    1.8553334961e+03    4.6130362534e-06
    1.8566137695e+03    4.0660529521e-06
    1.8578946533e+03    3.5024997942e-06
    1.8591757812e+03    2.9589252790e-06
    1.8604562988e+03    2.4552266495e-06
    1.8617366943e+03    1.9880214950e-06
    1.8630164795e+03    1.5241088249e-06
    1.8642984619e+03    1.0966343780e-06
    1.8655797119e+03    7.1885983743e-07
    1.8668594971e+03    3.8752247633e-07
    1.8681409912e+03    1.0259276451e-07
    1.8694219971e+03    0.0000000000e+00
    1.8707023926e+03    0.0000000000e+00
    1.8719840088e+03    0.0000000000e+00
    1.8732651367e+03    0.0000000000e+00
    1.8745472412e+03    0.0000000000e+00
    1.8758260498e+03    0.0000000000e+00
    1.8771075439e+03    0.0000000000e+00
    1.8783889160e+03    0.0000000000e+00
    1.8796699219e+03    0.0000000000e+00
    1.8809495850e+03    3.1084848779e-13
    1.8822298584e+03    3.6626066763e-12
    1.8835101318e+03    5.1696893294e-12
    1.8847910156e+03    4.2976747161e-10
    1.8860712891e+03    9.0988488965e-10
    1.8873520508e+03    9.4806906770e-10
    1.8886300049e+03    5.0928353090e-08
    1.8899104004e+03    1.1601295000e-06
    1.8911870117e+03    1.4410624090e-06
    1.8924656982e+03    9.0113388751e-07
    1.8937453613e+03    6.0360923726e-07
    1.8950261230e+03    5.6093534795e-07
    1.8963084717e+03    4.0866663653e-07
    1.8975910645e+03    3.6898453004e-07
    1.8988741455e+03    7.0036549005e-07
    1.9001558838e+03    1.0244560826e-06
    1.9014373779e+03    9.2794215334e-07
    1.9027197266e+03    5.5025924439e-07
    1.9040010986e+03    3.2878594425e-07
    1.9052834473e+03    3.0592184430e-07
    1.9065650635e+03    3.7214056192e-07
    1.9078475342e+03    5.7081297200e-07
    1.9091309814e+03    7.3633935926e-07
    1.9104124756e+03    5.9372030137e-07
    1.9116949463e+03    3.1555498481e-07
    1.9129783936e+03    1.6002825021e-07
    1.9142618408e+03    1.2712790465e-07
    1.9155444336e+03    2.0989499205e-07
    1.9168258057e+03    3.8207099351e-07
    1.9181080322e+03    5.6081557887e-07
    1.9193895264e+03    5.9367789618e-07
    1.9206710205e+03    3.7174365275e-07
    1.9219527588e+03    6.3793549998e-08
    1.9232353516e+03    1.1287549367e-10
    1.9245159912e+03    2.0148695212e-10
    1.9257982178e+03    1.6149974413e-10
    1.9270791016e+03    1.5215735616e-10
    1.9283593750e+03    1.4389709868e-08
    1.9296354980e+03    3.1572108128e-07
    1.9309132080e+03    2.9904714438e-07
    1.9321945801e+03    6.3954438190e-08
    1.9334764404e+03    1.2374998448e-07
    1.9347565918e+03    3.8916655853e-07
    1.9360364990e+03    5.3166917269e-07
    1.9373179932e+03    9.0260482466e-07
    1.9386010742e+03    1.4725850406e-06
    1.9398833008e+03    1.8735673848e-06
    1.9411640625e+03    2.2612675821e-06
    1.9424448242e+03    2.7587404929e-06
    1.9437268066e+03    3.0939791031e-06
    1.9450092773e+03    3.4917247831e-06
    1.9462886963e+03    4.1611829147e-06
    1.9475678711e+03    4.7347812142e-06
    1.9488482666e+03    5.2587661230e-06
    1.9501278076e+03    6.0182633206e-06
    1.9514097900e+03    6.6453117142e-06
    1.9526910400e+03    7.0963797043e-06
    1.9539724121e+03    7.8360271800e-06
    1.9552550049e+03    8.5595338533e-06
    1.9565382080e+03    8.8685355877e-06
    1.9578189697e+03    9.2500258688e-06
    1.9591007080e+03    9.9235139714e-06
    1.9603820801e+03    1.0411499716e-05
    1.9616608887e+03    1.0517992450e-05
    1.9629425049e+03    1.0485230632e-05
    1.9642246094e+03    1.0525031939e-05
    1.9655059814e+03    1.0893284525e-05
    1.9667878418e+03    1.1454122614e-05
    1.9680694580e+03    1.1527222341e-05
    1.9693505859e+03    1.0817343536e-05
    1.9706322021e+03    9.9340568340e-06
    1.9719144287e+03    9.5477134892e-06
    1.9731939697e+03    9.4772067314e-06
    1.9744737549e+03    8.9900840976e-06
    1.9757553711e+03    7.8984330685e-06
    1.9770362549e+03    6.6868356043e-06
    1.9783151855e+03    5.7566844589e-06
    1.9795960693e+03    4.9599716476e-06
    1.9808786621e+03    4.1011121539e-06
    1.9821563721e+03    3.1961324112e-06
    1.9834375000e+03    2.2216040634e-06
    1.9847200928e+03    1.0489870874e-06
    1.9860010986e+03    1.2750102085e-09
    1.9872813721e+03    1.2505911862e-09
    1.9885621338e+03    1.2211636147e-08
    1.9898446045e+03    6.5729346943e-07
    1.9911236572e+03    1.3656499505e-06
    1.9924060059e+03    1.7635833274e-06
    1.9936876221e+03    1.5729075358e-06
    1.9949703369e+03    1.5972058236e-06
    1.9962531738e+03    2.4449323064e-06
    1.9975357666e+03    3.4350566693e-06
    1.9988166504e+03    3.9885976548e-06
    2.0000000000e+03    4.1911193875e-06
endcurve
