Curveplot
Nodal History
Time
X-displacement
Node no.
602 #pts=102
* Minval=    -2.3841857910e-07 at time=        10.9869756699
* Maxval=     4.8431186676e+00 at time=        50.0005378723
    0.0000000000e+00    0.0000000000e+00
    4.6063327789e-01    0.0000000000e+00
    9.9758768082e-01    0.0000000000e+00
    1.4791548252e+00    0.0000000000e+00
    1.9970456362e+00    0.0000000000e+00
    2.4657969475e+00    0.0000000000e+00
    2.9887080193e+00    0.0000000000e+00
    3.4927499294e+00    0.0000000000e+00
    3.9859445095e+00    0.0000000000e+00
    4.4978432655e+00    0.0000000000e+00
    4.9800581932e+00    0.0000000000e+00
    5.4830603600e+00    0.0000000000e+00
    5.9837050438e+00    0.0000000000e+00
    6.4831695557e+00    0.0000000000e+00
    6.9823613167e+00    0.0000000000e+00
    7.4820270538e+00    0.0000000000e+00
    7.9827780724e+00    0.0000000000e+00
    8.4851169586e+00    0.0000000000e+00
    8.9894428253e+00    0.0000000000e+00
    9.4961261749e+00    0.0000000000e+00
    9.9892654419e+00    0.0000000000e+00
    1.0486161232e+01    0.0000000000e+00
    1.0986975670e+01   -2.3841857910e-07
    1.1491816521e+01    0.0000000000e+00
    1.1986037254e+01   -2.3841857910e-07
    1.2499687195e+01   -2.3841857910e-07
    1.2989253044e+01   -2.3841857910e-07
    1.3498413086e+01    0.0000000000e+00
    1.3998952866e+01    0.0000000000e+00
    1.4491606712e+01    0.0000000000e+00
    1.4990401268e+01   -2.3841857910e-07
    1.5495425224e+01    0.0000000000e+00
    1.5993666649e+01    0.0000000000e+00
    1.6498598099e+01   -2.3841857910e-07
    1.6997537613e+01   -2.3841857910e-07
    1.7490978241e+01   -2.3841857910e-07
    1.7991821289e+01   -2.3841857910e-07
    1.8487771988e+01   -2.3841857910e-07
    1.8991458893e+01    0.0000000000e+00
    1.9490785599e+01   -2.3841857910e-07
    1.9998138428e+01    0.0000000000e+00
    2.0489646912e+01    0.0000000000e+00
    2.0989603043e+01    0.0000000000e+00
    2.1498022079e+01    0.0000000000e+00
    2.1991504669e+01    0.0000000000e+00
    2.2493751526e+01    5.7196617126e-04
    2.2993185043e+01    3.5835504532e-02
    2.3489976883e+01    8.2262277603e-02
    2.3995748520e+01    1.2828254700e-01
    2.4499057770e+01    1.7610740662e-01
    2.4988676071e+01    2.3957562447e-01
    2.5498798370e+01    3.1041121483e-01
    2.5995441437e+01    3.7587618828e-01
    2.6490056992e+01    4.4271278381e-01
    2.6993904114e+01    5.2098917961e-01
    2.7495780945e+01    6.0032200813e-01
    2.7995771408e+01    6.7617702484e-01
    2.8493913651e+01    7.5495624542e-01
    2.8990282059e+01    8.3984518051e-01
    2.9495895386e+01    9.2415046692e-01
    2.9999752045e+01    1.0074095726e+00
    3.0490993500e+01    1.0936703682e+00
    3.0991500854e+01    1.1822290421e+00
    3.1490371704e+01    1.2683610916e+00
    3.1998424530e+01    1.3596434593e+00
    3.2494083405e+01    1.4501733780e+00
    3.2998931885e+01    1.5403122902e+00
    3.3491508484e+01    1.6310095787e+00
    3.3993263245e+01    1.7243447304e+00
    3.4493492126e+01    1.8158593178e+00
    3.4992221832e+01    1.9097247124e+00
    3.5489471436e+01    2.0031337738e+00
    3.5995796204e+01    2.0977878571e+00
    3.6490131378e+01    2.1922893524e+00
    3.6993515015e+01    2.2874269485e+00
    3.7495437622e+01    2.3833217621e+00
    3.7995922089e+01    2.4794683456e+00
    3.8494987488e+01    2.5748887062e+00
    3.8992645264e+01    2.6713209152e+00
    3.9499225616e+01    2.7688598633e+00
    3.9994087219e+01    2.8650326729e+00
    4.0497848511e+01    2.9628372192e+00
    4.0989963531e+01    3.0586991310e+00
    4.1490955353e+01    3.1566114426e+00
    4.1990566254e+01    3.2542705536e+00
    4.2498966217e+01    3.3540973663e+00
    4.2995826721e+01    3.4516229630e+00
    4.3491340637e+01    3.5492892265e+00
    4.3995590210e+01    3.6486687660e+00
    4.4498477936e+01    3.7481188774e+00
    4.4999996185e+01    3.8473443985e+00
    4.5490158081e+01    3.9445843697e+00
    4.5998958588e+01    4.0456089973e+00
    4.6496429443e+01    4.1445956230e+00
    4.6992580414e+01    4.2435002327e+00
    4.7497283936e+01    4.3440032005e+00
    4.7990768433e+01    4.4424057007e+00
    4.8492782593e+01    4.5424475670e+00
    4.8993461609e+01    4.6422944069e+00
    4.9492797852e+01    4.7418580055e+00
    4.9990795135e+01    4.8411760330e+00
    5.0000537872e+01    4.8431186676e+00
endcurve
