Curveplot
LS-DYNA user input                                          
Time
Pressure
Defined Connection
Pressure @ 4 #pts=1594
* Minval=     0.0000000000e+00 at time=      1941.8162841797
* Maxval=     7.7624856203e-05 at time=       599.0845336914
    0.0000000000e+00    2.2153599275e-06
    7.6990401745e-01    2.2153599275e-06
    1.7963852882e+00    2.2153599275e-06
    2.8229091167e+00    2.2153599275e-06
    3.8494505882e+00    2.2153599275e-06
    4.7568902969e+00    2.2153599275e-06
    5.9646921158e+00    2.2153599275e-06
    6.9630684853e+00    2.2153599275e-06
    7.9176330566e+00    2.2153599275e-06
    8.4503793716e+00    2.2153599275e-06
    9.5541276932e+00    2.2153599275e-06
    1.0783500671e+01    2.2153599275e-06
    1.1416375160e+01    2.2153599275e-06
    1.2725000381e+01    2.2153599275e-06
    1.3385346413e+01    2.2153599275e-06
    1.4814054489e+01    2.2153599275e-06
    1.5584987640e+01    2.2153599275e-06
    1.6380199432e+01    2.2153599275e-06
    1.7188222885e+01    2.2153599275e-06
    1.8859239578e+01    2.2153599275e-06
    1.9720109940e+01    2.2153599275e-06
    2.0592573166e+01    2.2153599275e-06
    2.1478652954e+01    2.2153599275e-06
    2.2379077911e+01    2.2153599275e-06
    2.3290767670e+01    2.2153599275e-06
    2.4212068558e+01    2.2153599275e-06
    2.5143764496e+01    2.2153599275e-06
    2.6084619522e+01    2.2153599275e-06
    2.7994337082e+01    2.2153599275e-06
    2.8962608337e+01    2.2153599275e-06
    2.9939073563e+01    2.2153599275e-06
    3.0923875809e+01    2.2153599275e-06
    3.1916435242e+01    2.2153599275e-06
    3.2916992188e+01    2.2153599275e-06
    3.3924827576e+01    2.2153599275e-06
    3.4939689636e+01    2.2153599275e-06
    3.5956439972e+01    2.2153599275e-06
    3.6978149414e+01    2.2153599275e-06
    3.8006759644e+01    2.2153599275e-06
    3.9041442871e+01    2.2153599275e-06
    4.0081428528e+01    2.2153599275e-06
    4.1129650116e+01    2.2153599275e-06
    4.2182319641e+01    2.2153599275e-06
    4.3242374420e+01    2.2153599275e-06
    4.4305496216e+01    2.2153599275e-06
    4.5371845245e+01    2.2153599275e-06
    4.6440494537e+01    2.2153599275e-06
    4.7513896942e+01    2.2153599275e-06
    4.8593818665e+01    2.2153599275e-06
    4.9677734375e+01    2.2120457288e-06
    5.0766525269e+01    2.2153599275e-06
    5.1859962463e+01    2.2153597001e-06
    5.2957332611e+01    2.2153597001e-06
    5.4058177948e+01    2.2153597001e-06
    5.5161350250e+01    2.2153594728e-06
    5.6267589569e+01    2.2120452741e-06
    5.7377384186e+01    2.2186734441e-06
    5.8491016388e+01    2.2186736715e-06
    5.9608112335e+01    2.2153592454e-06
    6.0728038788e+01    2.2186734441e-06
    6.1851875305e+01    2.2153590180e-06
    6.2976921082e+01    2.2120450467e-06
    6.4105140686e+01    2.2120448193e-06
    6.5237312317e+01    2.2186729893e-06
    6.6380813599e+01    2.2153583359e-06
    6.7527389526e+01    2.2153581085e-06
    6.8678192139e+01    2.2153583359e-06
    6.9830970764e+01    2.2186727620e-06
    7.0986274719e+01    2.2153583359e-06
    7.2144104004e+01    2.2186727620e-06
    7.3303215027e+01    2.2219871880e-06
    7.4464683533e+01    2.2120439098e-06
    7.5628417969e+01    2.2153581085e-06
    7.6793128967e+01    2.2219867333e-06
    7.7960197449e+01    2.2120441372e-06
    7.9128677368e+01    2.2054157398e-06
    8.0298828125e+01    2.2120441372e-06
    8.1471046448e+01    2.2219869606e-06
    8.2644065857e+01    2.2153583359e-06
    8.3819252014e+01    2.2120445919e-06
    8.4995811462e+01    2.2120441372e-06
    8.6173835754e+01    2.2087294838e-06
    8.7353721619e+01    2.2087294838e-06
    8.8534225464e+01    2.2120441372e-06
    8.9716682434e+01    2.2054155124e-06
    9.0900138855e+01    2.2087294838e-06
    9.2085075378e+01    2.2120439098e-06
    9.3271774292e+01    2.2186727620e-06
    9.4448226929e+01    2.2120443646e-06
    9.5570243835e+01    2.2087299385e-06
    9.6717231750e+01    2.2153583359e-06
    9.7836692810e+01    2.2186727620e-06
    9.8970428467e+01    2.2087301659e-06
    1.0014096069e+02    2.2120443646e-06
    1.0133549500e+02    2.2286158128e-06
    1.0252029419e+02    2.2253018415e-06
    1.0368482208e+02    2.2219874154e-06
    1.0483554840e+02    2.2219874154e-06
    1.0598183441e+02    2.2186732167e-06
    1.0712481689e+02    2.2120450467e-06
    1.0830101776e+02    2.2153590180e-06
    1.0946121216e+02    2.2153590180e-06
    1.1064459229e+02    2.2054161946e-06
    1.1181759644e+02    2.2087303932e-06
    1.1295137787e+02    2.2153590180e-06
    1.1409562683e+02    2.2120448193e-06
    1.1525187683e+02    2.2054161946e-06
    1.1638404083e+02    2.2120443646e-06
    1.1754006958e+02    2.2120445919e-06
    1.1870932007e+02    2.2054161946e-06
    1.1987219238e+02    2.2120448193e-06
    1.2104497528e+02    2.2153587906e-06
    1.2221413422e+02    2.2054159672e-06
    1.2337545013e+02    2.2021017685e-06
    1.2451008606e+02    2.2186729893e-06
    1.2569477081e+02    2.2253018415e-06
    1.2688690948e+02    2.2087306206e-06
    1.2807247925e+02    2.2054166493e-06
    1.2926237488e+02    2.2219880975e-06
    1.3044548035e+02    2.2153594728e-06
    1.3163673401e+02    2.2054166493e-06
    1.3282243347e+02    2.2153597001e-06
    1.3402558899e+02    2.2153597001e-06
    1.3524446106e+02    2.2021031327e-06
    1.3642500305e+02    2.1954738259e-06
    1.3762115479e+02    2.2087308480e-06
    1.3882197571e+02    2.2120455014e-06
    1.4003292847e+02    2.2054168767e-06
    1.4122557068e+02    2.2153599275e-06
    1.4244020081e+02    2.2219883249e-06
    1.4362065125e+02    2.2120457288e-06
    1.4484123230e+02    2.2021029054e-06
    1.4602897644e+02    2.2153599275e-06
    1.4725361633e+02    2.2219883249e-06
    1.4847569275e+02    2.2219887796e-06
    1.4968145752e+02    2.2253029783e-06
    1.5087121582e+02    2.2253029783e-06
    1.5207830811e+02    2.2153603823e-06
    1.5330305481e+02    2.2120459562e-06
    1.5450544739e+02    2.2120461836e-06
    1.5573362732e+02    2.2054177862e-06
    1.5696228027e+02    2.2021040422e-06
    1.5816709900e+02    2.2021038149e-06
    1.5938752747e+02    2.2054180135e-06
    1.6059115601e+02    2.2054180135e-06
    1.6181536865e+02    2.2054182409e-06
    1.6302304077e+02    2.2021040422e-06
    1.6421907043e+02    2.2021040422e-06
    1.6543949890e+02    2.2120470931e-06
    1.6667192078e+02    2.2219894618e-06
    1.6789257812e+02    2.2186750357e-06
    1.6908648682e+02    2.2120470931e-06
    1.7032006836e+02    2.2087322122e-06
    1.7151490784e+02    2.2087326670e-06
    1.7274659729e+02    2.2054184683e-06
    1.7395036316e+02    2.2087324396e-06
    1.7514083862e+02    2.2153610644e-06
    1.7637268066e+02    2.2186754904e-06
    1.7760231018e+02    2.2087326670e-06
    1.7880595398e+02    2.2021042696e-06
    1.8003872681e+02    2.2021040422e-06
    1.8127571106e+02    2.2021040422e-06
    1.8251289368e+02    2.2021042696e-06
    1.8375068665e+02    2.2054186957e-06
    1.8497647095e+02    2.2021044970e-06
    1.8621513367e+02    2.1987902983e-06
    1.8745384216e+02    2.1921619009e-06
    1.8869299316e+02    2.1987905257e-06
    1.8993244934e+02    2.2087328944e-06
    1.9117211914e+02    2.2087328944e-06
    1.9241241455e+02    2.2021044970e-06
    1.9365280151e+02    2.2021049517e-06
    1.9489367676e+02    2.2021047243e-06
    1.9613482666e+02    2.2054191504e-06
    1.9737623596e+02    2.2054193778e-06
    1.9861804199e+02    2.2021042696e-06
    1.9986000061e+02    2.2021042696e-06
    2.0110246277e+02    2.2054191504e-06
    2.0234504700e+02    2.2087328944e-06
    2.0358805847e+02    2.2087331217e-06
    2.0483125305e+02    2.2054189230e-06
    2.0607481384e+02    2.2054189230e-06
    2.0731871033e+02    2.2120475478e-06
    2.0856274414e+02    2.2087331217e-06
    2.0980718994e+02    2.2054189230e-06
    2.1105172729e+02    2.2054186957e-06
    2.1229669189e+02    2.2054189230e-06
    2.1354187012e+02    2.1987902983e-06
    2.1478723145e+02    2.1921616735e-06
    2.1603300476e+02    2.1888474748e-06
    2.1727891541e+02    2.1789044240e-06
    2.1852526855e+02    2.1789046514e-06
    2.1977172852e+02    2.1789044240e-06
    2.2101840210e+02    2.1789044240e-06
    2.2226539612e+02    2.1855328214e-06
    2.2351254272e+02    2.1888470201e-06
    2.2476017761e+02    2.1921614461e-06
    2.2600793457e+02    2.2021044970e-06
    2.2725607300e+02    2.2054189230e-06
    2.2850431824e+02    2.1987898435e-06
    2.2975244141e+02    2.1987900709e-06
    2.3100109863e+02    2.2120473204e-06
    2.3225000000e+02    2.2120473204e-06
    2.3349913025e+02    2.1954751901e-06
    2.3474845886e+02    2.1954754175e-06
    2.3599800110e+02    2.2054182409e-06
    2.3724777222e+02    2.2021042696e-06
    2.3849737549e+02    2.1888470201e-06
    2.3974760437e+02    2.1888472475e-06
    2.4099798584e+02    2.1954754175e-06
    2.4224848938e+02    2.1954758722e-06
    2.4349925232e+02    2.1954756448e-06
    2.4475024414e+02    2.2021042696e-06
    2.4600154114e+02    2.1855328214e-06
    2.4725263977e+02    2.1722757992e-06
    2.4850431824e+02    2.1722757992e-06
    2.4975608826e+02    2.1822190774e-06
    2.5100776672e+02    2.1888472475e-06
    2.5225990295e+02    2.1954756448e-06
    2.5351240540e+02    2.1954758722e-06
    2.5476498413e+02    2.1888479296e-06
    2.5601757812e+02    2.1888479296e-06
    2.5727053833e+02    2.1954758722e-06
    2.5852374268e+02    2.1954758722e-06
    2.5977679443e+02    2.1855332761e-06
    2.6102999878e+02    2.1722762540e-06
    2.6228378296e+02    2.1623336579e-06
    2.6353753662e+02    2.1490766358e-06
    2.6479156494e+02    2.1424486931e-06
    2.6604565430e+02    2.1358200684e-06
    2.6729983521e+02    2.1291914436e-06
    2.6855435181e+02    2.1225630462e-06
    2.6980847168e+02    2.1192486201e-06
    2.7106347656e+02    2.1225632736e-06
    2.7231820679e+02    2.1391340397e-06
    2.7357345581e+02    2.1722764814e-06
    2.7482855225e+02    2.1888474748e-06
    2.7608401489e+02    2.2021042696e-06
    2.7733950806e+02    2.2120468657e-06
    2.7859439087e+02    2.2087319849e-06
    2.7984985352e+02    2.1987896162e-06
    2.8110531616e+02    2.1987896162e-06
    2.8236096191e+02    2.2054184683e-06
    2.8361654663e+02    2.2021038149e-06
    2.8487231445e+02    2.1987896162e-06
    2.8612863159e+02    2.1921609914e-06
    2.8738549805e+02    2.1822183953e-06
    2.8864257812e+02    2.1822183953e-06
    2.8990054321e+02    2.1888465653e-06
    2.9115679932e+02    2.1954751901e-06
    2.9241262817e+02    2.2021038149e-06
    2.9366912842e+02    2.2021038149e-06
    2.9492623901e+02    2.1921609914e-06
    2.9618417358e+02    2.1888472475e-06
    2.9744171143e+02    2.1954751901e-06
    2.9869869995e+02    2.1888465653e-06
    2.9995642090e+02    2.1789039693e-06
    3.0121426392e+02    2.1789041966e-06
    3.0247326660e+02    2.1855325940e-06
    3.0373190308e+02    2.1722753445e-06
    3.0498974609e+02    2.1689611458e-06
    3.0624832153e+02    2.1822183953e-06
    3.0750692749e+02    2.1855323666e-06
    3.0876629639e+02    2.1789039693e-06
    3.1002593994e+02    2.1855325940e-06
    3.1128460693e+02    2.1855321393e-06
    3.1254376221e+02    2.1888470201e-06
    3.1380380249e+02    2.1921607640e-06
    3.1506369019e+02    2.1954754175e-06
    3.1632403564e+02    2.1855323666e-06
    3.1758355713e+02    2.1855325940e-06
    3.1884286499e+02    2.1888470201e-06
    3.2010333252e+02    2.1822186227e-06
    3.2136413574e+02    2.1755899979e-06
    3.2262478638e+02    2.1789041966e-06
    3.2388470459e+02    2.1789046514e-06
    3.2514443970e+02    2.1689618279e-06
    3.2640509033e+02    2.1789044240e-06
    3.2766516113e+02    2.1855332761e-06
    3.2892617798e+02    2.1722760266e-06
    3.3018670654e+02    2.1755904527e-06
    3.3144778442e+02    2.1789053335e-06
    3.3270867920e+02    2.1755906801e-06
    3.3396365356e+02    2.1789051061e-06
    3.3522360229e+02    2.1888479296e-06
    3.3648461914e+02    2.1954760996e-06
    3.3774575806e+02    2.1921619009e-06
    3.3900769043e+02    2.1954760996e-06
    3.4026812744e+02    2.1954760996e-06
    3.4152764893e+02    2.1954763270e-06
    3.4278604126e+02    2.1888483843e-06
    3.4404772949e+02    2.2021051791e-06
    3.4531018066e+02    2.2120484573e-06
    3.4657150269e+02    2.2054191504e-06
    3.4783114624e+02    2.1855339583e-06
    3.4909124756e+02    2.1855337309e-06
    3.5035238647e+02    2.2021049517e-06
    3.5161505127e+02    2.1888479296e-06
    3.5287911987e+02    2.1789051061e-06
    3.5414120483e+02    2.1888481569e-06
    3.5540267944e+02    2.1888481569e-06
    3.5666308594e+02    2.1855339583e-06
    3.5792391968e+02    2.1954763270e-06
    3.5918762207e+02    2.1954765543e-06
    3.6044955444e+02    2.1789053335e-06
    3.6171206665e+02    2.1855339583e-06
    3.6297363281e+02    2.2021054065e-06
    3.6423413086e+02    2.1855339583e-06
    3.6549609375e+02    2.1623341127e-06
    3.6675921631e+02    2.1623336579e-06
    3.6802163696e+02    2.1623343400e-06
    3.6928524780e+02    2.1590203687e-06
    3.7054925537e+02    2.1755913622e-06
    3.7181036377e+02    2.1789055609e-06
    3.7307269287e+02    2.1656485387e-06
    3.7433190918e+02    2.1722769361e-06
    3.7559494019e+02    2.1789055609e-06
    3.7686013794e+02    2.1789055609e-06
    3.7812203979e+02    2.1822197596e-06
    3.7938381958e+02    2.1822197596e-06
    3.8064807129e+02    2.1822199869e-06
    3.8191186523e+02    2.1789055609e-06
    3.8317626953e+02    2.1722771635e-06
    3.8444250488e+02    2.1523917439e-06
    3.8570773315e+02    2.1490775453e-06
    3.8697351074e+02    2.1623345674e-06
    3.8823947144e+02    2.1623347948e-06
    3.8950338745e+02    2.1557059426e-06
    3.9076925659e+02    2.1457635739e-06
    3.9203302002e+02    2.1557063974e-06
    3.9329867554e+02    2.1656492208e-06
    3.9456463623e+02    2.1689634195e-06
    3.9583071899e+02    2.1689636469e-06
    3.9709591675e+02    2.1722778456e-06
    3.9836120605e+02    2.1755918169e-06
    3.9962677002e+02    2.1789060156e-06
    4.0089279175e+02    2.1888492938e-06
    4.0215969849e+02    2.1855346404e-06
    4.0342550659e+02    2.1656494482e-06
    4.0469290161e+02    2.1689634195e-06
    4.0595907593e+02    2.1855344130e-06
    4.0722473145e+02    2.1722773909e-06
    4.0849163818e+02    2.1590205961e-06
    4.0975738525e+02    2.1656492208e-06
    4.1102413940e+02    2.1722773909e-06
    4.1229199219e+02    2.1689631922e-06
    4.1355886841e+02    2.1722773909e-06
    4.1482257080e+02    2.1822199869e-06
    4.1608786011e+02    2.1888486117e-06
    4.1735598755e+02    2.1855341856e-06
    4.1862417603e+02    2.1789060156e-06
    4.1989187622e+02    2.1689634195e-06
    4.2115826416e+02    2.1656494482e-06
    4.2242495728e+02    2.1623350221e-06
    4.2369314575e+02    2.1457638013e-06
    4.2496163940e+02    2.1391354039e-06
    4.2622961426e+02    2.1424498300e-06
    4.2749627686e+02    2.1523919713e-06
    4.2876336670e+02    2.1590205961e-06
    4.3003179932e+02    2.1490775453e-06
    4.3130014038e+02    2.1457640287e-06
    4.3256732178e+02    2.1523919713e-06
    4.3383364868e+02    2.1590208235e-06
    4.3510122681e+02    2.1557068521e-06
    4.3637033081e+02    2.1557066248e-06
    4.3763879395e+02    2.1722778456e-06
    4.3890719604e+02    2.1855350951e-06
    4.4017437744e+02    2.1954783733e-06
    4.4144143677e+02    2.2021065433e-06
    4.4271020508e+02    2.2021065433e-06
    4.4397924805e+02    2.2054209694e-06
    4.4524880981e+02    2.2021060886e-06
    4.4651763916e+02    2.1822213512e-06
    4.4778344727e+02    2.1656501303e-06
    4.4904870605e+02    2.1623357043e-06
    4.5031579590e+02    2.1557073069e-06
    4.5158557129e+02    2.1490789095e-06
    4.5285507202e+02    2.1457649382e-06
    4.5412167358e+02    2.1457647108e-06
    4.5538638306e+02    2.1490789095e-06
    4.5665304565e+02    2.1457647108e-06
    4.5792272949e+02    2.1457647108e-06
    4.5919171143e+02    2.1557073069e-06
    4.6045880127e+02    2.1623359316e-06
    4.6172537231e+02    2.1523935629e-06
    4.6299087524e+02    2.1490793642e-06
    4.6425784302e+02    2.1557077616e-06
    4.6552703857e+02    2.1623361590e-06
    4.6679595947e+02    2.1656510398e-06
    4.6806430054e+02    2.1755936359e-06
    4.6933032227e+02    2.1921648568e-06
    4.7059603882e+02    2.1954788281e-06
    4.7186352539e+02    2.1855362320e-06
    4.7313308716e+02    2.1789076072e-06
    4.7440292358e+02    2.1722787551e-06
    4.7567126465e+02    2.1590221877e-06
    4.7693688965e+02    2.1424509669e-06
    4.7820336914e+02    2.1490793642e-06
    4.7947229004e+02    2.1623363864e-06
    4.8074057007e+02    2.1722787551e-06
    4.8200955200e+02    2.1755934085e-06
    4.8327902222e+02    2.1689647838e-06
    4.8454568481e+02    2.1656505851e-06
    4.8581256104e+02    2.1623363864e-06
    4.8708178711e+02    2.1523928808e-06
    4.8834979248e+02    2.1457651656e-06
    4.8961682129e+02    2.1325074613e-06
    4.9088647461e+02    2.1325079160e-06
    4.9215570068e+02    2.1490789095e-06
    4.9342529297e+02    2.1722792098e-06
    4.9469436646e+02    2.1822222607e-06
    4.9596331787e+02    2.1822224880e-06
    4.9723348999e+02    2.1855366867e-06
    4.9850369263e+02    2.1954795102e-06
    4.9977386475e+02    2.1954795102e-06
    5.0104489136e+02    2.1822224880e-06
    5.0231549072e+02    2.1722798920e-06
    5.0358679199e+02    2.1623370685e-06
    5.0485702515e+02    2.1656510398e-06
    5.0612707520e+02    2.1689656933e-06
    5.0739926147e+02    2.1722796646e-06
    5.0867077637e+02    2.1789082894e-06
    5.0994125366e+02    2.1921650841e-06
    5.1121066284e+02    2.1921653115e-06
    5.1248168945e+02    2.1755945454e-06
    5.1375433350e+02    2.1623372959e-06
    5.1502722168e+02    2.1523944724e-06
    5.1629718018e+02    2.1523942451e-06
    5.1756762695e+02    2.1656514946e-06
    5.1883819580e+02    2.1855364594e-06
    5.2010986328e+02    2.2054225610e-06
    5.2138281250e+02    2.2153651571e-06
    5.2265466309e+02    2.2153651571e-06
    5.2392718506e+02    2.2153656118e-06
    5.2519903564e+02    2.2219937819e-06
    5.2647076416e+02    2.2219937819e-06
    5.2774322510e+02    2.2253079806e-06
    5.2901654053e+02    2.2352510314e-06
    5.3028875732e+02    2.2485080535e-06
    5.3156134033e+02    2.2783367513e-06
    5.3283489990e+02    2.3048507956e-06
    5.3410839844e+02    2.3512516236e-06
    5.3538226318e+02    2.4142357233e-06
    5.3665606689e+02    2.4639639378e-06
    5.3792889404e+02    2.5170058962e-06
    5.3920184326e+02    2.6031946163e-06
    5.4047558594e+02    2.7026426324e-06
    5.4174908447e+02    2.8286096949e-06
    5.4302239990e+02    2.9777959298e-06
    5.4429602051e+02    3.1634506286e-06
    5.4556860352e+02    3.3955354866e-06
    5.4684271240e+02    3.6574549540e-06
    5.4811663818e+02    3.9558713070e-06
    5.4939025879e+02    4.2974097596e-06
    5.5066412354e+02    4.6655181904e-06
    5.5193750000e+02    5.1066272135e-06
    5.5321148682e+02    5.6472763390e-06
    5.5448254395e+02    6.2609797169e-06
    5.5575500488e+02    6.9344991971e-06
    5.5702911377e+02    7.7043396232e-06
    5.5830242920e+02    8.5739065980e-06
    5.5957513428e+02    9.5664699984e-06
    5.6084851074e+02    1.0705342902e-05
    5.6212280273e+02    1.1967393220e-05
    5.6339752197e+02    1.3349398614e-05
    5.6467211914e+02    1.4868096514e-05
    5.6594506836e+02    1.6546890038e-05
    5.6721752930e+02    1.8365966753e-05
    5.6849078369e+02    2.0358746042e-05
    5.6976495361e+02    2.2495536541e-05
    5.7103924561e+02    2.4766521165e-05
    5.7231396484e+02    2.7165195206e-05
    5.7358782959e+02    2.9735036151e-05
    5.7486108398e+02    3.2469633879e-05
    5.7613488770e+02    3.5332621337e-05
    5.7740936279e+02    3.8290821976e-05
    5.7868383789e+02    4.1365110519e-05
    5.7995794678e+02    4.4498152420e-05
    5.8123223877e+02    4.7678957344e-05
    5.8250689697e+02    5.0905055105e-05
    5.8378210449e+02    5.4116335377e-05
    5.8505706787e+02    5.7265791838e-05
    5.8633190918e+02    6.0299731558e-05
    5.8760656738e+02    6.3211155066e-05
    5.8888128662e+02    6.5989741415e-05
    5.9015637207e+02    6.8567947892e-05
    5.9143176270e+02    7.0884656452e-05
    5.9270733643e+02    7.2913018812e-05
    5.9398284912e+02    7.4607662100e-05
    5.9525817871e+02    7.5950032624e-05
    5.9653363037e+02    7.6915915997e-05
    5.9780908203e+02    7.7491044067e-05
    5.9908453369e+02    7.7624856203e-05
    6.0035992432e+02    7.7321215940e-05
    6.0163543701e+02    7.6573502156e-05
    6.0291101074e+02    7.5388597907e-05
    6.0418676758e+02    7.3720009823e-05
    6.0546252441e+02    7.1547867265e-05
    6.0673822021e+02    6.8939043558e-05
    6.0801367188e+02    6.5935186285e-05
    6.0928875732e+02    6.2584236730e-05
    6.1056433105e+02    5.8907233324e-05
    6.1184002686e+02    5.4942196584e-05
    6.1311541748e+02    5.0760103477e-05
    6.1439080811e+02    4.6434706746e-05
    6.1566577148e+02    4.1999530367e-05
    6.1694006348e+02    3.7501511542e-05
    6.1821429443e+02    3.3030948543e-05
    6.1948901367e+02    2.8687603844e-05
    6.2076440430e+02    2.4531129384e-05
    6.2203930664e+02    2.0597648472e-05
    6.2331420898e+02    1.6943604351e-05
    6.2458898926e+02    1.3684218175e-05
    6.2586303711e+02    1.0875030966e-05
    6.2713714600e+02    8.4782368504e-06
    6.2841192627e+02    6.5537478804e-06
    6.2968719482e+02    5.1508009165e-06
    6.3096197510e+02    4.1992520892e-06
    6.3223675537e+02    3.7087957026e-06
    6.3351208496e+02    3.7688985230e-06
    6.3478729248e+02    4.3995373744e-06
    6.3606268311e+02    5.4645338423e-06
    6.3733843994e+02    6.8912977440e-06
    6.3861291504e+02    8.7332236944e-06
    6.3988696289e+02    1.0934396414e-05
    6.4116149902e+02    1.3359135664e-05
    6.4243682861e+02    1.5861338397e-05
    6.4371240234e+02    1.8471062504e-05
    6.4498803711e+02    2.1231719074e-05
    6.4626391602e+02    2.3987129680e-05
    6.4753936768e+02    2.6487485229e-05
    6.4881481934e+02    2.8709000617e-05
    6.5009033203e+02    3.0722028896e-05
    6.5136614990e+02    3.2442643715e-05
    6.5264196777e+02    3.3793043258e-05
    6.5391754150e+02    3.4740132833e-05
    6.5519329834e+02    3.5283686884e-05
    6.5646948242e+02    3.5356828448e-05
    6.5774572754e+02    3.4919230529e-05
    6.5902215576e+02    3.4048367525e-05
    6.6029846191e+02    3.2857678889e-05
    6.6157440186e+02    3.1340598071e-05
    6.6285009766e+02    2.9517310395e-05
    6.6412567139e+02    2.7421128834e-05
    6.6540148926e+02    2.5049293981e-05
    6.6667749023e+02    2.2379617803e-05
    6.6795373535e+02    1.9555071049e-05
    6.6922998047e+02    1.6865098587e-05
    6.7050634766e+02    1.4382546397e-05
    6.7178204346e+02    1.2107472685e-05
    6.7305761719e+02    1.0088989256e-05
    6.7433319092e+02    8.3098084360e-06
    6.7560900879e+02    6.6807260737e-06
    6.7688513184e+02    5.2810769375e-06
    6.7816107178e+02    4.3925178943e-06
    6.7943615723e+02    4.0679392441e-06
    6.8071197510e+02    4.1179068830e-06
    6.8198791504e+02    4.4629987315e-06
    6.8326385498e+02    5.2425434660e-06
    6.8454016113e+02    6.4003393163e-06
    6.8581640625e+02    7.8039056461e-06
    6.8709100342e+02    9.4799652288e-06
    6.8836645508e+02    1.1408963474e-05
    6.8964184570e+02    1.3428322745e-05
    6.9091717529e+02    1.5401876226e-05
    6.9219219971e+02    1.7369504349e-05
    6.9346765137e+02    1.9321110813e-05
    6.9474346924e+02    2.1153791749e-05
    6.9601977539e+02    2.2757878469e-05
    6.9729553223e+02    2.4045852115e-05
    6.9857073975e+02    2.4997856599e-05
    6.9984570312e+02    2.5640312742e-05
    7.0112109375e+02    2.5986237233e-05
    7.0239770508e+02    2.5982788429e-05
    7.0367431641e+02    2.5546565666e-05
    7.0495086670e+02    2.4684204618e-05
    7.0622735596e+02    2.3505772333e-05
    7.0750408936e+02    2.2124571842e-05
    7.0878125000e+02    2.0547466193e-05
    7.1005798340e+02    1.8761040337e-05
    7.1133489990e+02    1.6822439648e-05
    7.1261163330e+02    1.4785124222e-05
    7.1388800049e+02    1.2735373275e-05
    7.1516436768e+02    1.0776207091e-05
    7.1644042969e+02    8.9839495558e-06
    7.1771685791e+02    7.3478804552e-06
    7.1899395752e+02    5.9081571635e-06
    7.2027111816e+02    4.7507592171e-06
    7.2154833984e+02    3.9352812564e-06
    7.2282537842e+02    3.4215245250e-06
    7.2410217285e+02    3.2459618069e-06
    7.2537884521e+02    3.5046957692e-06
    7.2665557861e+02    4.1148700802e-06
    7.2793261719e+02    4.9738209782e-06
    7.2921002197e+02    6.0219736042e-06
    7.3048742676e+02    7.2428319982e-06
    7.3176489258e+02    8.6564323283e-06
    7.3304248047e+02    1.0233116882e-05
    7.3431994629e+02    1.1840059415e-05
    7.3559729004e+02    1.3397697330e-05
    7.3687353516e+02    1.4909138372e-05
    7.3815106201e+02    1.6351576051e-05
    7.3942858887e+02    1.7584774469e-05
    7.4070593262e+02    1.8489085051e-05
    7.4198345947e+02    1.9110748326e-05
    7.4326110840e+02    1.9549624994e-05
    7.4453784180e+02    1.9785724362e-05
    7.4581542969e+02    1.9689254259e-05
    7.4709301758e+02    1.9207020159e-05
    7.4837054443e+02    1.8382354028e-05
    7.4964788818e+02    1.7364960513e-05
    7.5092486572e+02    1.6204854546e-05
    7.5220184326e+02    1.4795793504e-05
    7.5347918701e+02    1.3224062968e-05
    7.5475671387e+02    1.1682995137e-05
    7.5603436279e+02    1.0168951121e-05
    7.5731195068e+02    8.6256413852e-06
    7.5858905029e+02    7.1922399911e-06
    7.5986633301e+02    6.0012666836e-06
    7.6114398193e+02    4.9698378461e-06
    7.6242187500e+02    4.0547747631e-06
    7.6369964600e+02    3.3685719245e-06
    7.6497717285e+02    3.0835547022e-06
    7.6625390625e+02    3.1565716654e-06
    7.6753112793e+02    3.3986798371e-06
    7.6880871582e+02    3.8496573325e-06
    7.7008648682e+02    4.6355467020e-06
    7.7136419678e+02    5.6537119235e-06
    7.7264196777e+02    6.7549990490e-06
    7.7391992188e+02    7.9428127719e-06
    7.7519769287e+02    9.2138388936e-06
    7.7647521973e+02    1.0505072169e-05
    7.7775250244e+02    1.1763349903e-05
    7.7903002930e+02    1.2929084733e-05
    7.8030780029e+02    1.3922309336e-05
    7.8158575439e+02    1.4663196453e-05
    7.8286376953e+02    1.5158159840e-05
    7.8414190674e+02    1.5563535271e-05
    7.8541961670e+02    1.5985500795e-05
    7.8669738770e+02    1.6301144569e-05
    7.8797528076e+02    1.6284482626e-05
    7.8925299072e+02    1.5779320165e-05
    7.9053149414e+02    1.4885455130e-05
    7.9180950928e+02    1.3822323126e-05
    7.9308691406e+02    1.2679633983e-05
    7.9436456299e+02    1.1487306438e-05
    7.9564270020e+02    1.0338389984e-05
    7.9692108154e+02    9.2429336291e-06
    7.9819934082e+02    8.0980344137e-06
    7.9947741699e+02    6.8970075517e-06
    8.0075506592e+02    5.7526108321e-06
    8.0203277588e+02    4.7743587857e-06
    8.0331072998e+02    4.0184181671e-06
    8.0458892822e+02    3.5410546388e-06
    8.0586676025e+02    3.3422159049e-06
    8.0714447021e+02    3.3820736007e-06
    8.0842193604e+02    3.6374231058e-06
    8.0970007324e+02    4.0486156649e-06
    8.1097827148e+02    4.6123568609e-06
    8.1225598145e+02    5.3353337535e-06
    8.1353375244e+02    6.2209151110e-06
    8.1481201172e+02    7.2692214417e-06
    8.1609027100e+02    8.4139737737e-06
    8.1736822510e+02    9.5058567240e-06
    8.1864611816e+02    1.0468451364e-05
    8.1992407227e+02    1.1404779798e-05
    8.2120263672e+02    1.2367748241e-05
    8.2248101807e+02    1.3224504073e-05
    8.2375927734e+02    1.3812462385e-05
    8.2503778076e+02    1.4148000446e-05
    8.2631573486e+02    1.4287536942e-05
    8.2759411621e+02    1.4287525119e-05
    8.2887249756e+02    1.4108113646e-05
    8.3015106201e+02    1.3639702047e-05
    8.3142956543e+02    1.2872399566e-05
    8.3270794678e+02    1.1902654478e-05
    8.3398626709e+02    1.0876635315e-05
    8.3526464844e+02    9.8440814327e-06
    8.3654333496e+02    8.8350379883e-06
    8.3782208252e+02    7.8660659710e-06
    8.3910058594e+02    6.9337934292e-06
    8.4037902832e+02    6.0580296122e-06
    8.4165740967e+02    5.2753352975e-06
    8.4293566895e+02    4.6420009312e-06
    8.4421380615e+02    4.2176106945e-06
    8.4549194336e+02    3.9623623707e-06
    8.4677050781e+02    3.8497009882e-06
    8.4804901123e+02    3.9392839426e-06
    8.4932794189e+02    4.2543242671e-06
    8.5060693359e+02    4.7716353038e-06
    8.5188574219e+02    5.4349166021e-06
    8.5316412354e+02    6.2110398176e-06
    8.5444281006e+02    7.0436967690e-06
    8.5572186279e+02    7.8931198004e-06
    8.5700103760e+02    8.7525768322e-06
    8.5828002930e+02    9.6054955065e-06
    8.5955938721e+02    1.0452012248e-05
    8.6083843994e+02    1.1258765880e-05
    8.6211706543e+02    1.1932755115e-05
    8.6339587402e+02    1.2427558431e-05
    8.6467431641e+02    1.2779583813e-05
    8.6595294189e+02    1.2968896044e-05
    8.6723175049e+02    1.2958936168e-05
    8.6851013184e+02    1.2762985534e-05
    8.6978826904e+02    1.2381043234e-05
    8.7106652832e+02    1.1859631741e-05
    8.7234509277e+02    1.1251967408e-05
    8.7362274170e+02    1.0528153325e-05
    8.7490008545e+02    9.6982021205e-06
    8.7617791748e+02    8.8451133706e-06
    8.7745635986e+02    7.9989013102e-06
    8.7873449707e+02    7.1329814091e-06
    8.8001300049e+02    6.2970234467e-06
    8.8129199219e+02    5.5541040638e-06
    8.8257043457e+02    4.9439158829e-06
    8.8384869385e+02    4.4996104407e-06
    8.8512695312e+02    4.2244437282e-06
    8.8640539551e+02    4.1415783016e-06
    8.8768432617e+02    4.2510264393e-06
    8.8896282959e+02    4.5163246796e-06
    8.9024121094e+02    4.9142713578e-06
    8.9151959229e+02    5.4283095778e-06
    8.9279779053e+02    6.0419097281e-06
    8.9407562256e+02    6.7285450314e-06
    8.9535290527e+02    7.4916174526e-06
    8.9662927246e+02    8.2779906734e-06
    8.9790539551e+02    9.0246849140e-06
    8.9918182373e+02    9.7050933618e-06
    9.0045867920e+02    1.0299253518e-05
    9.0173583984e+02    1.0757357813e-05
    9.0301336670e+02    1.1076092960e-05
    9.0429052734e+02    1.1232164979e-05
    9.0556744385e+02    1.1242150322e-05
    9.0684460449e+02    1.1152507795e-05
    9.0812213135e+02    1.0949956049e-05
    9.0940051270e+02    1.0621258298e-05
    9.1067834473e+02    1.0189670320e-05
    9.1195611572e+02    9.6419444162e-06
    9.1323437500e+02    8.9747964012e-06
    9.1451196289e+02    8.2181186372e-06
    9.1579010010e+02    7.4217532529e-06
    9.1706823730e+02    6.6189295467e-06
    9.1834606934e+02    5.8560058278e-06
    9.1962438965e+02    5.1761330724e-06
    9.2090234375e+02    4.5925312406e-06
    9.2218017578e+02    4.1614930524e-06
    9.2345819092e+02    3.8664393287e-06
    9.2473614502e+02    3.6774988530e-06
    9.2601416016e+02    3.6112298858e-06
    9.2729241943e+02    3.7140350742e-06
    9.2857037354e+02    3.9229435060e-06
    9.2984875488e+02    4.2313208723e-06
    9.3112713623e+02    4.6756599659e-06
    9.3240557861e+02    5.2261507335e-06
    9.3368414307e+02    5.8629170780e-06
    9.3496258545e+02    6.5528747655e-06
    9.3624127197e+02    7.2296238613e-06
    9.3751983643e+02    7.8766079241e-06
    9.3879827881e+02    8.4838438852e-06
    9.4007678223e+02    9.0346966317e-06
    9.4135571289e+02    9.4893757705e-06
    9.4263415527e+02    9.8379032352e-06
    9.4391241455e+02    1.0047021533e-05
    9.4519104004e+02    1.0120048501e-05
    9.4646911621e+02    1.0063616173e-05
    9.4774639893e+02    9.8677774076e-06
    9.4902478027e+02    9.5391733339e-06
    9.5030328369e+02    9.1076826720e-06
    9.5158013916e+02    8.5733681772e-06
    9.5285742188e+02    7.9528335846e-06
    9.5413500977e+02    7.2759244176e-06
    9.5541253662e+02    6.5925200943e-06
    9.5668988037e+02    5.9059407249e-06
    9.5796722412e+02    5.2591999520e-06
    9.5924383545e+02    4.7021103455e-06
    9.6052111816e+02    4.2478486648e-06
    9.6179876709e+02    3.9096880755e-06
    9.6307580566e+02    3.7041511405e-06
    9.6435217285e+02    3.6014107536e-06
    9.6562896729e+02    3.6213352814e-06
    9.6690551758e+02    3.7572929159e-06
    9.6818121338e+02    4.0192371671e-06
    9.6945690918e+02    4.3740324145e-06
    9.7073193359e+02    4.7951634770e-06
    9.7200640869e+02    5.2727159527e-06
    9.7327874756e+02    5.8033670030e-06
    9.7454827881e+02    6.4004293563e-06
    9.7581927490e+02    7.0240494097e-06
    9.7708734131e+02    7.6345013440e-06
    9.7835339355e+02    8.1985335783e-06
    9.7961962891e+02    8.6730597104e-06
    9.8088409424e+02    9.0414387159e-06
    9.8214526367e+02    9.3036378530e-06
    9.8340881348e+02    9.4596389317e-06
    9.8466680908e+02    9.4729066404e-06
    9.8591369629e+02    9.3534326879e-06
    9.8715960693e+02    9.1310721473e-06
    9.8838940430e+02    8.8091555881e-06
    9.8960296631e+02    8.3976547103e-06
    9.9081072998e+02    7.9264491433e-06
    9.9200592041e+02    7.3955757216e-06
    9.9320788574e+02    6.8381891651e-06
    9.9441540527e+02    6.2676085690e-06
    9.9561029053e+02    5.7070815274e-06
    9.9682830811e+02    5.1830534176e-06
    9.9804309082e+02    4.6955997277e-06
    9.9926611328e+02    4.2977080739e-06
    1.0004960938e+03    4.0059348976e-06
    1.0017216797e+03    3.7970833091e-06
    1.0029351196e+03    3.6777428249e-06
    1.0041698608e+03    3.6479270875e-06
    1.0054002686e+03    3.7208810681e-06
    1.0066309814e+03    3.8932989810e-06
    1.0078563232e+03    4.1519260776e-06
    1.0090883789e+03    4.4934640755e-06
    1.0103181763e+03    4.9046630011e-06
    1.0115538330e+03    5.3523676797e-06
    1.0127714844e+03    5.8399182308e-06
    1.0140028076e+03    6.3407692323e-06
    1.0152327271e+03    6.8416629802e-06
    1.0164710693e+03    7.3227006396e-06
    1.0176895752e+03    7.7739023254e-06
    1.0189333496e+03    8.1256230260e-06
    1.0201529541e+03    8.3977320173e-06
    1.0214016724e+03    8.5669698819e-06
    1.0226281128e+03    8.6466143330e-06
    1.0238703613e+03    8.6167601694e-06
    1.0251127930e+03    8.4773773779e-06
    1.0263393555e+03    8.2650094555e-06
    1.0275883789e+03    7.9796391219e-06
    1.0288214111e+03    7.6080164035e-06
    1.0300716553e+03    7.1800236583e-06
    1.0313199463e+03    6.7155865509e-06
    1.0325468750e+03    6.2610974965e-06
    1.0337989502e+03    5.8232676565e-06
    1.0350395508e+03    5.3854741964e-06
    1.0362611084e+03    4.9908389883e-06
    1.0374919434e+03    4.6327145355e-06
    1.0387353516e+03    4.3110821935e-06
    1.0399919434e+03    4.0657378122e-06
    1.0412329102e+03    3.9198703234e-06
    1.0424638672e+03    3.8635257624e-06
    1.0437185059e+03    3.8768130253e-06
    1.0449641113e+03    3.9696678868e-06
    1.0462014160e+03    4.1520461309e-06
    1.0474566650e+03    4.4239441195e-06
    1.0487160645e+03    4.7787534641e-06
    1.0499593506e+03    5.1766869547e-06
    1.0512156982e+03    5.5846098803e-06
    1.0524739990e+03    6.0157813095e-06
    1.0537236328e+03    6.4270693656e-06
    1.0549704590e+03    6.8185090640e-06
    1.0562204590e+03    7.1734580160e-06
    1.0574791260e+03    7.4819968177e-06
    1.0587404785e+03    7.7175700426e-06
    1.0599965820e+03    7.8967605077e-06
    1.0612471924e+03    8.0128857007e-06
    1.0625019531e+03    8.0394374891e-06
    1.0637618408e+03    7.9730589277e-06
    1.0650153809e+03    7.8104749264e-06
    1.0662786865e+03    7.5550065048e-06
    1.0675360107e+03    7.2132693276e-06
    1.0687988281e+03    6.8184831434e-06
    1.0700610352e+03    6.3872485043e-06
    1.0713137207e+03    5.9394437812e-06
    1.0725767822e+03    5.4883926168e-06
    1.0738431396e+03    5.0439834922e-06
    1.0751069336e+03    4.6394457058e-06
    1.0763638916e+03    4.3045615712e-06
    1.0776236572e+03    4.0757881834e-06
    1.0788924561e+03    3.9299052332e-06
    1.0801470947e+03    3.8636148929e-06
    1.0814053955e+03    3.8470529944e-06
    1.0826721191e+03    3.8835428313e-06
    1.0839405518e+03    3.9896603994e-06
    1.0851997070e+03    4.1687080738e-06
    1.0864698486e+03    4.4008233999e-06
    1.0877432861e+03    4.6926361392e-06
    1.0890106201e+03    5.0408280003e-06
    1.0902822266e+03    5.4387924138e-06
    1.0915552979e+03    5.8599939621e-06
    1.0928238525e+03    6.2712892941e-06
    1.0940936279e+03    6.6593729571e-06
    1.0953570557e+03    6.9844645623e-06
    1.0966275635e+03    7.2332823038e-06
    1.0978942871e+03    7.4323556873e-06
    1.0991635742e+03    7.5849779932e-06
    1.1004281006e+03    7.6679252743e-06
    1.1017008057e+03    7.6679361882e-06
    1.1029725342e+03    7.5816765275e-06
    1.1042363281e+03    7.4257418419e-06
    1.1055057373e+03    7.2034667937e-06
    1.1067766113e+03    6.9115103543e-06
    1.1080485840e+03    6.5565523073e-06
    1.1093182373e+03    6.1585028561e-06
    1.1105926514e+03    5.7571546677e-06
    1.1118676758e+03    5.3558669606e-06
    1.1131396484e+03    4.9645536819e-06
    1.1144063721e+03    4.6163768275e-06
    1.1156787109e+03    4.3245959205e-06
    1.1169528809e+03    4.0726158659e-06
    1.1182291260e+03    3.8869643504e-06
    1.1194990234e+03    3.7842066831e-06
    1.1207703857e+03    3.7610077470e-06
    1.1220399170e+03    3.8173911889e-06
    1.1233105469e+03    3.9798569560e-06
    1.1245797119e+03    4.2218898670e-06
    1.1258543701e+03    4.5169922487e-06
    1.1271267090e+03    4.8552283261e-06
    1.1284001465e+03    5.2266427701e-06
    1.1296727295e+03    5.5914656514e-06
    1.1309470215e+03    5.9330795921e-06
    1.1322135010e+03    6.2747080847e-06
    1.1334853516e+03    6.5699155130e-06
    1.1347579346e+03    6.8153954089e-06
    1.1360340576e+03    7.0277201303e-06
    1.1373074951e+03    7.1969147939e-06
    1.1385803223e+03    7.3097075983e-06
    1.1398518066e+03    7.3495284596e-06
    1.1411214600e+03    7.2898151302e-06
    1.1423878174e+03    7.1338886301e-06
    1.1436625977e+03    6.9149423325e-06
    1.1449311523e+03    6.6495554165e-06
    1.1462003174e+03    6.3543157012e-06
    1.1474732666e+03    6.0325619415e-06
    1.1487478027e+03    5.6809694797e-06
    1.1500157471e+03    5.3360595302e-06
    1.1512861328e+03    5.0011071835e-06
    1.1525593262e+03    4.6927148105e-06
    1.1538345947e+03    4.4241373871e-06
    1.1551104736e+03    4.2053152356e-06
    1.1563875732e+03    4.0494919631e-06
    1.1576563721e+03    3.9533570089e-06
    1.1589273682e+03    3.9268406908e-06
    1.1601962891e+03    3.9765827751e-06
    1.1614697266e+03    4.0694362724e-06
    1.1627464600e+03    4.2252777348e-06
    1.1640185547e+03    4.4408097892e-06
    1.1652850342e+03    4.7027688197e-06
    1.1665559082e+03    4.9846316870e-06
    1.1678244629e+03    5.2830978348e-06
    1.1691000977e+03    5.5915174926e-06
    1.1703746338e+03    5.8999626162e-06
    1.1716435547e+03    6.2017738856e-06
    1.1729172363e+03    6.4737687353e-06
    1.1741904297e+03    6.7059786488e-06
    1.1754672852e+03    6.8950662353e-06
    1.1767429199e+03    6.9813145274e-06
    1.1780177002e+03    6.9879611146e-06
    1.1792908936e+03    6.9249322223e-06
    1.1805634766e+03    6.7988671617e-06
    1.1818302002e+03    6.6031520873e-06
    1.1830977783e+03    6.3709626374e-06
    1.1843725586e+03    6.1122354964e-06
    1.1856336670e+03    5.8170285229e-06
    1.1868969727e+03    5.5019318097e-06
    1.1881650391e+03    5.1636584431e-06
    1.1894387207e+03    4.8220863391e-06
    1.1907145996e+03    4.5203396439e-06
    1.1919888916e+03    4.2583992581e-06
    1.1932636719e+03    4.0196932787e-06
    1.1945339355e+03    3.8439829950e-06
    1.1957988281e+03    3.7611109747e-06
    1.1970611572e+03    3.7577985950e-06
    1.1983331299e+03    3.8108421450e-06
    1.1996046143e+03    3.9070059756e-06
    1.2008757324e+03    4.0495829126e-06
    1.2021463623e+03    4.2220003706e-06
    1.2034185791e+03    4.4143248488e-06
    1.2046907959e+03    4.6497548283e-06
    1.2059611816e+03    4.9216646403e-06
    1.2072216797e+03    5.2267573665e-06
    1.2084869385e+03    5.5550735851e-06
    1.2097592773e+03    5.8767677729e-06
    1.2110235596e+03    6.1487485254e-06
    1.2122924805e+03    6.3676766331e-06
    1.2135623779e+03    6.5368681135e-06
    1.2148186035e+03    6.6264306042e-06
    1.2160814209e+03    6.6496559157e-06
    1.2173433838e+03    6.6231355049e-06
    1.2186064453e+03    6.5202943915e-06
    1.2198734131e+03    6.3378556661e-06
    1.2211383057e+03    6.0990441852e-06
    1.2224114990e+03    5.8569298744e-06
    1.2236823730e+03    5.5882815104e-06
    1.2249525146e+03    5.2798400247e-06
    1.2262169189e+03    4.9515183491e-06
    1.2274877930e+03    4.6398158702e-06
    1.2287536621e+03    4.3679301598e-06
    1.2300179443e+03    4.1457806219e-06
    1.2312833252e+03    3.9667370402e-06
    1.2325495605e+03    3.8241796574e-06
    1.2338176270e+03    3.7346806039e-06
    1.2350678711e+03    3.6650696984e-06
    1.2363194580e+03    3.6418687159e-06
    1.2375861816e+03    3.6750491290e-06
    1.2388536377e+03    3.7612646793e-06
    1.2401188965e+03    3.8938860598e-06
    1.2413763428e+03    4.1027574298e-06
    1.2426455078e+03    4.3746426854e-06
    1.2439105225e+03    4.6730615395e-06
    1.2451621094e+03    5.0013491091e-06
    1.2464245605e+03    5.3329713410e-06
    1.2476807861e+03    5.6248040892e-06
    1.2489335938e+03    5.8602940953e-06
    1.2501959229e+03    6.0360848693e-06
    1.2514389648e+03    6.1289706537e-06
    1.2526849365e+03    6.1488935899e-06
    1.2539378662e+03    6.1455834839e-06
    1.2551978760e+03    6.1290079429e-06
    1.2564635010e+03    6.0825700530e-06
    1.2577268066e+03    6.0095867411e-06
    1.2589833984e+03    5.8835416894e-06
    1.2602370605e+03    5.6812314142e-06
    1.2614862061e+03    5.4424344853e-06
    1.2627397461e+03    5.1970196182e-06
    1.2639962158e+03    4.9283953558e-06
    1.2652618408e+03    4.6697464313e-06
    1.2665231934e+03    4.4177440941e-06
    1.2677882080e+03    4.1491889533e-06
    1.2690493164e+03    3.8905832298e-06
    1.2703054199e+03    3.6684557472e-06
    1.2715581055e+03    3.4861416225e-06
    1.2728138428e+03    3.3568692288e-06
    1.2740722656e+03    3.3071530652e-06
    1.2753281250e+03    3.3270414406e-06
    1.2765959473e+03    3.4298248011e-06
    1.2778601074e+03    3.6088476918e-06
    1.2791221924e+03    3.8309708543e-06
    1.2803857422e+03    4.0862532842e-06
    1.2816416016e+03    4.3614550123e-06
    1.2829014893e+03    4.6234204092e-06
    1.2841634521e+03    4.8688079914e-06
    1.2854251709e+03    5.1042638916e-06
    1.2866839600e+03    5.3131893765e-06
    1.2879434814e+03    5.5155010159e-06
    1.2891983643e+03    5.7078577811e-06
    1.2904552002e+03    5.8703758441e-06
    1.2917170410e+03    5.9765038714e-06
    1.2929752197e+03    6.0362085605e-06
    1.2942335205e+03    6.0329025473e-06
    1.2954936523e+03    5.9599387896e-06
    1.2967564697e+03    5.8206328504e-06
    1.2980205078e+03    5.6481680986e-06
    1.2992822266e+03    5.4425522649e-06
    1.3005474854e+03    5.1872043514e-06
    1.3018156738e+03    4.9385021157e-06
    1.3030828857e+03    4.7030657697e-06
    1.3043502197e+03    4.4610114855e-06
    1.3056165771e+03    4.2388751353e-06
    1.3068812256e+03    4.0399550016e-06
    1.3081423340e+03    3.8476673581e-06
    1.3094086914e+03    3.6785938846e-06
    1.3106716309e+03    3.5692062283e-06
    1.3119333496e+03    3.5194868815e-06
    1.3132003174e+03    3.5095438307e-06
    1.3144598389e+03    3.5692239635e-06
    1.3157279053e+03    3.6786404962e-06
    1.3169978027e+03    3.8311522985e-06
    1.3182569580e+03    4.0068712224e-06
    1.3195166016e+03    4.2091182877e-06
    1.3207760010e+03    4.4180169425e-06
    1.3220463867e+03    4.6600875976e-06
    1.3233110352e+03    4.9054710871e-06
    1.3245722656e+03    5.1342999541e-06
    1.3258349609e+03    5.3365915846e-06
    1.3270985107e+03    5.5223240452e-06
    1.3283580322e+03    5.6715557548e-06
    1.3296203613e+03    5.7710471992e-06
    1.3308886719e+03    5.8241130318e-06
    1.3321510010e+03    5.8274395087e-06
    1.3334240723e+03    5.7843376453e-06
    1.3346893311e+03    5.6748817769e-06
    1.3359609375e+03    5.5190016610e-06
    1.3372183838e+03    5.3465505516e-06
    1.3384880371e+03    5.1409456319e-06
    1.3397603760e+03    4.8922429414e-06
    1.3410317383e+03    4.6402287808e-06
    1.3423040771e+03    4.3915661081e-06
    1.3435744629e+03    4.1329490159e-06
    1.3448439941e+03    3.9108335841e-06
    1.3461174316e+03    3.7185527617e-06
    1.3473891602e+03    3.5561126879e-06
    1.3486572266e+03    3.4433985547e-06
    1.3499293213e+03    3.3870517200e-06
    1.3512010498e+03    3.3638505101e-06
    1.3524721680e+03    3.4069546473e-06
    1.3537453613e+03    3.5130408378e-06
    1.3550184326e+03    3.6522903883e-06
    1.3562807617e+03    3.8147441046e-06
    1.3575518799e+03    4.0070403884e-06
    1.3588238525e+03    4.2258780013e-06
    1.3600895996e+03    4.4646258175e-06
    1.3613594971e+03    4.7066864681e-06
    1.3626330566e+03    4.9355026022e-06
    1.3639039307e+03    5.1411057029e-06
    1.3651730957e+03    5.3235175983e-06
    1.3664470215e+03    5.4661263675e-06
    1.3677209473e+03    5.5755645008e-06
    1.3689965820e+03    5.6418953136e-06
    1.3702670898e+03    5.6551671150e-06
    1.3715410156e+03    5.6253320508e-06
    1.3728079834e+03    5.5556870393e-06
    1.3740760498e+03    5.4362885749e-06
    1.3753498535e+03    5.2804184634e-06
    1.3766220703e+03    5.1212387007e-06
    1.3778905029e+03    4.9421696531e-06
    1.3791639404e+03    4.7365820137e-06
    1.3804350586e+03    4.5144201977e-06
    1.3817088623e+03    4.3088502935e-06
    1.3829833984e+03    4.1198741201e-06
    1.3842523193e+03    3.9441588342e-06
    1.3855189209e+03    3.7850247736e-06
    1.3867888184e+03    3.6656740576e-06
    1.3880605469e+03    3.6059939248e-06
    1.3893261719e+03    3.5828034015e-06
    1.3905925293e+03    3.5927616864e-06
    1.3918679199e+03    3.6524425013e-06
    1.3931445312e+03    3.7519005218e-06
    1.3944233398e+03    3.8745638449e-06
    1.3957000732e+03    4.0403456296e-06
    1.3969760742e+03    4.2392935029e-06
    1.3982537842e+03    4.4382477427e-06
    1.3995317383e+03    4.6239506446e-06
    1.4008094482e+03    4.8063443501e-06
    1.4020841064e+03    5.0019948503e-06
    1.4033615723e+03    5.1777519730e-06
    1.4046391602e+03    5.3137241594e-06
    1.4059139404e+03    5.4165343499e-06
    1.4071901855e+03    5.4828619795e-06
    1.4084638672e+03    5.4994502534e-06
    1.4097407227e+03    5.4828633438e-06
    1.4110151367e+03    5.4231677495e-06
    1.4122934570e+03    5.3071034927e-06
    1.4135709229e+03    5.1611837080e-06
    1.4148483887e+03    4.9887439673e-06
    1.4161245117e+03    4.7831535994e-06
    1.4174022217e+03    4.5576762204e-06
    1.4186801758e+03    4.3421509872e-06
    1.4199489746e+03    4.1432213038e-06
    1.4212196045e+03    3.9509277485e-06
    1.4224965820e+03    3.7884885842e-06
    1.4237774658e+03    3.6393055325e-06
    1.4250588379e+03    3.5199584545e-06
    1.4263377686e+03    3.4437073282e-06
    1.4276168213e+03    3.4072593280e-06
    1.4288964844e+03    3.4172182950e-06
    1.4301755371e+03    3.4570093703e-06
    1.4314547119e+03    3.5398909404e-06
    1.4327343750e+03    3.6625517623e-06
    1.4340123291e+03    3.8217067413e-06
    1.4352883301e+03    4.0073859964e-06
    1.4365629883e+03    4.2063347792e-06
    1.4378430176e+03    4.4119310587e-06
    1.4391219482e+03    4.6175173338e-06
    1.4404016113e+03    4.8131673793e-06
    1.4416801758e+03    4.9988661885e-06
    1.4429597168e+03    5.1646788961e-06
    1.4442352295e+03    5.2840732678e-06
    1.4455123291e+03    5.3703120102e-06
    1.4467923584e+03    5.4200622799e-06
    1.4480677490e+03    5.4266879488e-06
    1.4493469238e+03    5.3835724430e-06
    1.4506247559e+03    5.3072981245e-06
    1.4519024658e+03    5.2011841944e-06
    1.4531806641e+03    5.0751759773e-06
    1.4544617920e+03    4.9392265282e-06
    1.4557423096e+03    4.7833709687e-06
    1.4570235596e+03    4.6009795369e-06
    1.4583009033e+03    4.4185985644e-06
    1.4595786133e+03    4.2494998524e-06
    1.4608576660e+03    4.0903528316e-06
    1.4621362305e+03    3.9378387555e-06
    1.4634138184e+03    3.8251228034e-06
    1.4646918945e+03    3.7389297631e-06
    1.4659713135e+03    3.6792553146e-06
    1.4672497559e+03    3.6659910165e-06
    1.4685280762e+03    3.6626822748e-06
    1.4698082275e+03    3.6792619085e-06
    1.4710869141e+03    3.7256759242e-06
    1.4723580322e+03    3.8085545384e-06
    1.4736335449e+03    3.8914331526e-06
    1.4749144287e+03    3.9842570914e-06
    1.4761944580e+03    4.1036114453e-06
    1.4774743652e+03    4.2163337639e-06
    1.4787528076e+03    4.3224176807e-06
    1.4800329590e+03    4.4185662773e-06
    1.4813134766e+03    4.4948251343e-06
    1.4825911865e+03    4.5445631258e-06
    1.4838662109e+03    4.5512006182e-06
    1.4851433105e+03    4.5213541853e-06
    1.4864228516e+03    4.4583553063e-06
    1.4877022705e+03    4.3555737648e-06
    1.4889830322e+03    4.2262572606e-06
    1.4902620850e+03    4.0836871449e-06
    1.4915413818e+03    3.9145998016e-06
    1.4928205566e+03    3.7256243104e-06
    1.4941005859e+03    3.5466084682e-06
    1.4953815918e+03    3.3609596812e-06
    1.4966583252e+03    3.1918955301e-06
    1.4979365234e+03    3.0427429465e-06
    1.4992122803e+03    2.9267414448e-06
    1.5004877930e+03    2.8339554774e-06
    1.5017633057e+03    2.7875721571e-06
    1.5030406494e+03    2.7908936318e-06
    1.5043159180e+03    2.8273582302e-06
    1.5055930176e+03    2.8969791401e-06
    1.5068730469e+03    3.0030726066e-06
    1.5081534424e+03    3.1423135169e-06
    1.5094328613e+03    3.3080748381e-06
    1.5107109375e+03    3.5069995192e-06
    1.5119843750e+03    3.7324607547e-06
    1.5132619629e+03    3.9678811845e-06
    1.5145426025e+03    4.2165488594e-06
    1.5158223877e+03    4.4818143579e-06
    1.5170975342e+03    4.7271928452e-06
    1.5183656006e+03    4.9526806833e-06
    1.5196403809e+03    5.1616020755e-06
    1.5209184570e+03    5.3274238780e-06
    1.5221922607e+03    5.4634087974e-06
    1.5234611816e+03    5.5761847761e-06
    1.5247351074e+03    5.6358876463e-06
    1.5260092773e+03    5.6624307945e-06
    1.5272884521e+03    5.6491808209e-06
    1.5285661621e+03    5.5961359067e-06
    1.5298452148e+03    5.5165451158e-06
    1.5311250000e+03    5.4270094552e-06
    1.5324019775e+03    5.3374806157e-06
    1.5336821289e+03    5.2247341955e-06
    1.5349606934e+03    5.1086767598e-06
    1.5362355957e+03    5.0191461014e-06
    1.5375103760e+03    4.9296181714e-06
    1.5387862549e+03    4.8434058044e-06
    1.5400625000e+03    4.7837193051e-06
    1.5413389893e+03    4.7439261834e-06
    1.5426181641e+03    4.7140792958e-06
    1.5438973389e+03    4.7041235121e-06
    1.5451760254e+03    4.6974942052e-06
    1.5464527588e+03    4.7140738388e-06
    1.5477325439e+03    4.7472317419e-06
    1.5490103760e+03    4.7903336053e-06
    1.5502801514e+03    4.8334381972e-06
    1.5515521240e+03    4.8765500651e-06
    1.5528292236e+03    4.9329146350e-06
    1.5541049805e+03    4.9959198805e-06
    1.5553808594e+03    5.0522758102e-06
    1.5566560059e+03    5.0920684771e-06
    1.5579348145e+03    5.1020183491e-06
    1.5592139893e+03    5.0920748436e-06
    1.5604934082e+03    5.0655385166e-06
    1.5617705078e+03    5.0157927944e-06
    1.5630415039e+03    4.9461564231e-06
    1.5643172607e+03    4.8533115660e-06
    1.5655913086e+03    4.7372618610e-06
    1.5668666992e+03    4.5913743634e-06
    1.5681405029e+03    4.4222701945e-06
    1.5694161377e+03    4.2498450057e-06
    1.5706932373e+03    4.0741251723e-06
    1.5719727783e+03    3.9050437408e-06
    1.5732508545e+03    3.7392746890e-06
    1.5745284424e+03    3.5834646042e-06
    1.5758063965e+03    3.4740930914e-06
    1.5770791016e+03    3.3845983580e-06
    1.5783531494e+03    3.3216231259e-06
    1.5796285400e+03    3.3083681501e-06
    1.5809057617e+03    3.3216426800e-06
    1.5821818848e+03    3.3581184198e-06
    1.5834597168e+03    3.4310680803e-06
    1.5847355957e+03    3.5371667764e-06
    1.5860146484e+03    3.6565245409e-06
    1.5872893066e+03    3.8123489503e-06
    1.5885650635e+03    3.9781220948e-06
    1.5898359375e+03    4.1638036237e-06
    1.5911094971e+03    4.3494783313e-06
    1.5923889160e+03    4.5152551138e-06
    1.5936660156e+03    4.6744266911e-06
    1.5949432373e+03    4.8269639592e-06
    1.5962224121e+03    4.9463315008e-06
    1.5975019531e+03    5.0192797971e-06
    1.5987814941e+03    5.0723374443e-06
    1.6000600586e+03    5.0988678595e-06
    1.6013380127e+03    5.0822936828e-06
    1.6026146240e+03    5.0358639783e-06
    1.6038931885e+03    4.9529617172e-06
    1.6051719971e+03    4.8302604228e-06
    1.6064467773e+03    4.6843529162e-06
    1.6077210693e+03    4.5251908887e-06
    1.6089993896e+03    4.3395048124e-06
    1.6102772217e+03    4.1538237383e-06
    1.6115574951e+03    3.9814085540e-06
    1.6128308105e+03    3.8156467781e-06
    1.6141033936e+03    3.6631406601e-06
    1.6153814697e+03    3.5305340589e-06
    1.6166614990e+03    3.4310980936e-06
    1.6179376221e+03    3.3581738990e-06
    1.6192154541e+03    3.3051412629e-06
    1.6204964600e+03    3.2719954106e-06
    1.6217766113e+03    3.2786385873e-06
    1.6230573730e+03    3.3250573779e-06
    1.6243380127e+03    3.3913768220e-06
    1.6256138916e+03    3.4808997498e-06
    1.6268859863e+03    3.6002577417e-06
    1.6281604004e+03    3.7229331156e-06
    1.6294388428e+03    3.8621901695e-06
    1.6307171631e+03    4.0246568460e-06
    1.6319953613e+03    4.1871185203e-06
    1.6332751465e+03    4.3396389628e-06
    1.6345533447e+03    4.4888502089e-06
    1.6358314209e+03    4.6214850045e-06
    1.6371068115e+03    4.7209728109e-06
    1.6383819580e+03    4.7939224714e-06
    1.6396608887e+03    4.8370320656e-06
    1.6409376221e+03    4.8403549044e-06
    1.6422170410e+03    4.8171368690e-06
    1.6434978027e+03    4.7707121666e-06
    1.6447789307e+03    4.6977615966e-06
    1.6460573730e+03    4.5982746997e-06
    1.6473374023e+03    4.4755829549e-06
    1.6486175537e+03    4.3495792852e-06
    1.6498955078e+03    4.2003598537e-06
    1.6511754150e+03    4.0279542191e-06
    1.6524537354e+03    3.8721345845e-06
    1.6537337646e+03    3.7428465021e-06
    1.6550120850e+03    3.6102446757e-06
    1.6562904053e+03    3.4875913570e-06
    1.6575698242e+03    3.4113488709e-06
    1.6588493652e+03    3.3616242945e-06
    1.6601295166e+03    3.3118983538e-06
    1.6614084473e+03    3.3019498460e-06
    1.6626861572e+03    3.3218450426e-06
    1.6639659424e+03    3.3549988530e-06
    1.6652456055e+03    3.4179859085e-06
    1.6665258789e+03    3.4975462313e-06
    1.6678041992e+03    3.5771072362e-06
    1.6690850830e+03    3.6434109916e-06
    1.6703635254e+03    3.7163442812e-06
    1.6716420898e+03    3.7859647364e-06
    1.6729205322e+03    3.8456410039e-06
    1.6741932373e+03    3.8854286686e-06
    1.6754693604e+03    3.9053261389e-06
    1.6767496338e+03    3.9185952119e-06
    1.6780289307e+03    3.9152896534e-06
    1.6793084717e+03    3.8887783376e-06
    1.6805886230e+03    3.8489934013e-06
    1.6818656006e+03    3.8158409552e-06
    1.6831418457e+03    3.7627989968e-06
    1.6844188232e+03    3.6964966057e-06
    1.6856988525e+03    3.6401409034e-06
    1.6869783936e+03    3.5605819448e-06
    1.6882585449e+03    3.4710772070e-06
    1.6895385742e+03    3.3981502838e-06
    1.6908170166e+03    3.3285434711e-06
    1.6920972900e+03    3.2489899695e-06
    1.6933770752e+03    3.1959550597e-06
    1.6946571045e+03    3.1694371501e-06
    1.6959377441e+03    3.1329880130e-06
    1.6972163086e+03    3.1064816994e-06
    1.6984929199e+03    3.0998635339e-06
    1.6997689209e+03    3.1197603221e-06
    1.7010501709e+03    3.1562292406e-06
    1.7023326416e+03    3.2324742278e-06
    1.7036145020e+03    3.3153489767e-06
    1.7048964844e+03    3.3915923723e-06
    1.7061782227e+03    3.4910451632e-06
    1.7074589844e+03    3.6004378217e-06
    1.7087404785e+03    3.6998942505e-06
    1.7100177002e+03    3.7927138692e-06
    1.7112968750e+03    3.8656507968e-06
    1.7125780029e+03    3.9186979848e-06
    1.7138579102e+03    3.9551709961e-06
    1.7151391602e+03    3.9684377953e-06
    1.7164210205e+03    3.9518640733e-06
    1.7177031250e+03    3.9153928810e-06
    1.7189854736e+03    3.8656626202e-06
    1.7202667236e+03    3.7927281937e-06
    1.7215489502e+03    3.6932749481e-06
    1.7228302002e+03    3.5871944419e-06
    1.7241118164e+03    3.4910619888e-06
    1.7253945312e+03    3.3916123812e-06
    1.7266760254e+03    3.2954856124e-06
    1.7279556885e+03    3.2126190490e-06
    1.7292377930e+03    3.1463275718e-06
    1.7305189209e+03    3.0899780086e-06
    1.7317979736e+03    3.0435728604e-06
    1.7330773926e+03    3.0170547234e-06
    1.7343577881e+03    3.0004923701e-06
    1.7356385498e+03    3.0104467896e-06
    1.7369184570e+03    3.0402873108e-06
    1.7381972656e+03    3.0767569115e-06
    1.7394747314e+03    3.1132267395e-06
    1.7407529297e+03    3.1530105389e-06
    1.7420313721e+03    3.2159960028e-06
    1.7433092041e+03    3.2822961202e-06
    1.7445877686e+03    3.3651747344e-06
    1.7458668213e+03    3.4679367218e-06
    1.7471468506e+03    3.5541277157e-06
    1.7484270020e+03    3.6303772504e-06
    1.7497054443e+03    3.6999988424e-06
    1.7509851074e+03    3.7596776110e-06
    1.7522644043e+03    3.7895199512e-06
    1.7535418701e+03    3.8127338939e-06
    1.7548217773e+03    3.8127425341e-06
    1.7561040039e+03    3.7795878143e-06
    1.7573824463e+03    3.7464358229e-06
    1.7586608887e+03    3.7000233988e-06
    1.7599416504e+03    3.6270921555e-06
    1.7612210693e+03    3.5442178614e-06
    1.7625023193e+03    3.4547156247e-06
    1.7637822266e+03    3.3718404211e-06
    1.7650622559e+03    3.2889720387e-06
    1.7663405762e+03    3.2259977161e-06
    1.7676188965e+03    3.1762776871e-06
    1.7688992920e+03    3.1298720842e-06
    1.7701810303e+03    3.0801518278e-06
    1.7714630127e+03    3.0569483442e-06
    1.7727448730e+03    3.0635762869e-06
    1.7740211182e+03    3.0834733025e-06
    1.7752987061e+03    3.1199426758e-06
    1.7765792236e+03    3.1762999697e-06
    1.7778610840e+03    3.2392863432e-06
    1.7791412354e+03    3.2989573810e-06
    1.7804226074e+03    3.3785174764e-06
    1.7817030029e+03    3.4680340377e-06
    1.7829833984e+03    3.5376608594e-06
    1.7842652588e+03    3.6106068819e-06
    1.7855457764e+03    3.6968149288e-06
    1.7868264160e+03    3.7564902868e-06
    1.7881087646e+03    3.8062223666e-06
    1.7893902588e+03    3.8493262764e-06
    1.7906727295e+03    3.8692114686e-06
    1.7919538574e+03    3.8658913581e-06
    1.7932354736e+03    3.8493121792e-06
    1.7945186768e+03    3.8294188016e-06
    1.7957995605e+03    3.7896345475e-06
    1.7970806885e+03    3.7266463551e-06
    1.7983634033e+03    3.6470853502e-06
    1.7996462402e+03    3.5741552438e-06
    1.8009277344e+03    3.4912827687e-06
    1.8022076416e+03    3.4249794680e-06
    1.8034886475e+03    3.3719436487e-06
    1.8047702637e+03    3.3222274851e-06
    1.8060479736e+03    3.2857690258e-06
    1.8073267822e+03    3.2559366900e-06
    1.8086070557e+03    3.2393629681e-06
    1.8098828125e+03    3.2360469504e-06
    1.8111604004e+03    3.2559344163e-06
    1.8124420166e+03    3.2890804960e-06
    1.8137224121e+03    3.3288670238e-06
    1.8150032959e+03    3.3852265915e-06
    1.8162840576e+03    3.4614904507e-06
    1.8175670166e+03    3.5211787690e-06
    1.8188469238e+03    3.5874988953e-06
    1.8201265869e+03    3.6836572690e-06
    1.8214083252e+03    3.7764984882e-06
    1.8226871338e+03    3.8660105020e-06
    1.8239665527e+03    3.9555256990e-06
    1.8252484131e+03    4.0317809180e-06
    1.8265286865e+03    4.0848317440e-06
    1.8278098145e+03    4.1445146053e-06
    1.8290916748e+03    4.1843077270e-06
    1.8303740234e+03    4.2008941818e-06
    1.8316571045e+03    4.2307428885e-06
    1.8329390869e+03    4.2407014007e-06
    1.8342192383e+03    4.2108754315e-06
    1.8354962158e+03    4.1943126234e-06
    1.8367750244e+03    4.1777370825e-06
    1.8380572510e+03    4.1379557842e-06
    1.8393378906e+03    4.0948543756e-06
    1.8406168213e+03    4.0650138544e-06
    1.8418974609e+03    4.0384952626e-06
    1.8431793213e+03    4.0119912228e-06
    1.8444591064e+03    4.0153313421e-06
    1.8457415771e+03    4.0352392716e-06
    1.8470239258e+03    4.0650934352e-06
    1.8483056641e+03    4.1048924686e-06
    1.8495860596e+03    4.1712141865e-06
    1.8508685303e+03    4.2574270083e-06
    1.8521461182e+03    4.3469572120e-06
    1.8534245605e+03    4.4530665946e-06
    1.8547050781e+03    4.5890160436e-06
    1.8559844971e+03    4.7448634177e-06
    1.8572641602e+03    4.9073564696e-06
    1.8585465088e+03    5.0831104090e-06
    1.8598264160e+03    5.2522432270e-06
    1.8611077881e+03    5.4180732150e-06
    1.8623883057e+03    5.5938544392e-06
    1.8636691895e+03    5.7663287407e-06
    1.8649525146e+03    5.9255457927e-06
    1.8662353516e+03    6.0814345488e-06
    1.8675187988e+03    6.2273797994e-06
    1.8688022461e+03    6.3666961978e-06
    1.8700853271e+03    6.4894338720e-06
    1.8713675537e+03    6.6022244027e-06
    1.8726502686e+03    6.7050700636e-06
    1.8739333496e+03    6.7979667620e-06
    1.8752158203e+03    6.8775966611e-06
    1.8764968262e+03    6.9605453064e-06
    1.8777773438e+03    7.0401752055e-06
    1.8790579834e+03    7.1098402259e-06
    1.8803399658e+03    7.1795057011e-06
    1.8816214600e+03    7.2624357017e-06
    1.8829017334e+03    7.3553237598e-06
    1.8841810303e+03    7.4415852396e-06
    1.8854594727e+03    7.5311854744e-06
    1.8867388916e+03    7.6373671618e-06
    1.8880209961e+03    7.7601389421e-06
    1.8893027344e+03    7.8829079939e-06
    1.8905836182e+03    8.0023637565e-06
    1.8918616943e+03    8.1284551925e-06
    1.8931414795e+03    8.2711385403e-06
    1.8944229736e+03    8.4038847490e-06
    1.8956979980e+03    8.5233714344e-06
    1.8969741211e+03    8.6395357357e-06
    1.8982534180e+03    8.7523812908e-06
    1.8995344238e+03    8.8486312961e-06
    1.9008162842e+03    8.9183240561e-06
    1.9020979004e+03    8.9614659373e-06
    1.9033758545e+03    8.9813811428e-06
    1.9046556396e+03    8.9747300080e-06
    1.9059362793e+03    8.9448485596e-06
    1.9072180176e+03    8.8917395260e-06
    1.9084986572e+03    8.8021279225e-06
    1.9097805176e+03    8.6660666057e-06
    1.9110618896e+03    8.5034671429e-06
    1.9123441162e+03    8.2977403508e-06
    1.9136221924e+03    8.0555128079e-06
    1.9149024658e+03    7.7933873399e-06
    1.9161848145e+03    7.5180118984e-06
    1.9174675293e+03    7.2094776442e-06
    1.9187507324e+03    6.8711074164e-06
    1.9200328369e+03    6.5194922172e-06
    1.9213145752e+03    6.1446667132e-06
    1.9225957031e+03    5.7433535403e-06
    1.9238764648e+03    5.3420712902e-06
    1.9251582031e+03    4.9375003073e-06
    1.9264399414e+03    4.5462224989e-06
    1.9277208252e+03    4.1582889025e-06
    1.9290030518e+03    3.7637516925e-06
    1.9302825928e+03    3.3692567740e-06
    1.9315639648e+03    2.9880504826e-06
    1.9328465576e+03    2.6002392133e-06
    1.9341280518e+03    2.2025119506e-06
    1.9354104004e+03    1.8213580688e-06
    1.9366892090e+03    1.4468165546e-06
    1.9379710693e+03    1.0623966773e-06
    1.9392534180e+03    6.7135050585e-07
    1.9405344238e+03    2.9024488413e-07
    1.9418162842e+03    0.0000000000e+00
    1.9430991211e+03    0.0000000000e+00
    1.9443818359e+03    0.0000000000e+00
    1.9456635742e+03    0.0000000000e+00
    1.9469444580e+03    0.0000000000e+00
    1.9482266846e+03    0.0000000000e+00
    1.9495095215e+03    0.0000000000e+00
    1.9507917480e+03    0.0000000000e+00
    1.9520748291e+03    0.0000000000e+00
    1.9533574219e+03    0.0000000000e+00
    1.9546405029e+03    0.0000000000e+00
    1.9559230957e+03    0.0000000000e+00
    1.9572062988e+03    0.0000000000e+00
    1.9584899902e+03    0.0000000000e+00
    1.9597716064e+03    0.0000000000e+00
    1.9610531006e+03    0.0000000000e+00
    1.9623345947e+03    0.0000000000e+00
    1.9636170654e+03    0.0000000000e+00
    1.9649001465e+03    0.0000000000e+00
    1.9661834717e+03    0.0000000000e+00
    1.9674655762e+03    0.0000000000e+00
    1.9687476807e+03    0.0000000000e+00
    1.9700291748e+03    0.0000000000e+00
    1.9713112793e+03    0.0000000000e+00
    1.9725910645e+03    0.0000000000e+00
    1.9738720703e+03    0.0000000000e+00
    1.9751540527e+03    0.0000000000e+00
    1.9764354248e+03    0.0000000000e+00
    1.9777160645e+03    0.0000000000e+00
    1.9789975586e+03    0.0000000000e+00
    1.9802788086e+03    0.0000000000e+00
    1.9815599365e+03    0.0000000000e+00
    1.9828419189e+03    0.0000000000e+00
    1.9841237793e+03    0.0000000000e+00
    1.9854060059e+03    0.0000000000e+00
    1.9866888428e+03    0.0000000000e+00
    1.9879713135e+03    0.0000000000e+00
    1.9892531738e+03    0.0000000000e+00
    1.9905367432e+03    0.0000000000e+00
    1.9918184814e+03    0.0000000000e+00
    1.9931013184e+03    0.0000000000e+00
    1.9943843994e+03    0.0000000000e+00
    1.9956667480e+03    0.0000000000e+00
    1.9969484863e+03    0.0000000000e+00
    1.9982319336e+03    0.0000000000e+00
    1.9995156250e+03    0.0000000000e+00
    2.0000000000e+03    0.0000000000e+00
endcurve
