Curveplot
LS-DYNA user input                                          
Time
Pressure
Defined Connection
Pressure @ 4 #pts=1596
* Minval=     0.0000000000e+00 at time=      1939.8833007812
* Maxval=     8.2291742729e-05 at time=       597.2713012695
    0.0000000000e+00    2.2153599275e-06
    7.5840878487e-01    2.2153599275e-06
    1.7695314884e+00    2.2153599275e-06
    2.7807085514e+00    2.2153599275e-06
    3.7919256687e+00    2.2153599275e-06
    4.7124881744e+00    2.2153599275e-06
    5.9377574921e+00    2.2153599275e-06
    6.8508472443e+00    2.2153599275e-06
    7.7893104553e+00    2.2153599275e-06
    8.8002862930e+00    2.2153599275e-06
    9.9036188126e+00    2.2153599275e-06
    1.0481741905e+01    2.2153599275e-06
    1.1624051094e+01    2.2153599275e-06
    1.2821028709e+01    2.2153599275e-06
    1.3478774071e+01    2.2153599275e-06
    1.4904888153e+01    2.2153599275e-06
    1.5648031235e+01    2.2153599275e-06
    1.6421125412e+01    2.2153599275e-06
    1.7206432343e+01    2.2153599275e-06
    1.8839942932e+01    2.2153599275e-06
    1.9676496506e+01    2.2153599275e-06
    2.0528148651e+01    2.2153599275e-06
    2.1391263962e+01    2.2153599275e-06
    2.2266407013e+01    2.2153599275e-06
    2.3152618408e+01    2.2153599275e-06
    2.4957067490e+01    2.2153599275e-06
    2.5874717712e+01    2.2153599275e-06
    2.6801721573e+01    2.2153599275e-06
    2.7738203049e+01    2.2153599275e-06
    2.8683654785e+01    2.2153599275e-06
    2.9637928009e+01    2.2153599275e-06
    3.0600488663e+01    2.2153599275e-06
    3.1571441650e+01    2.2153599275e-06
    3.2550354004e+01    2.2153599275e-06
    3.3537109375e+01    2.2153599275e-06
    3.4529449463e+01    2.2153599275e-06
    3.5526180267e+01    2.2153599275e-06
    3.6529651642e+01    2.2153599275e-06
    3.7539379120e+01    2.2153599275e-06
    3.8558261871e+01    2.2153599275e-06
    3.9580497742e+01    2.2153599275e-06
    4.0609596252e+01    2.2153599275e-06
    4.1644920349e+01    2.2153599275e-06
    4.2687736511e+01    2.2153599275e-06
    4.3733592987e+01    2.2153599275e-06
    4.4778373718e+01    2.2153599275e-06
    4.5827823639e+01    2.2153599275e-06
    4.6882846832e+01    2.2153599275e-06
    4.7943141937e+01    2.2153599275e-06
    4.9008892059e+01    2.2153599275e-06
    5.0080142975e+01    2.2153599275e-06
    5.1157989502e+01    2.2153599275e-06
    5.2239414215e+01    2.2153599275e-06
    5.3326347351e+01    2.2153599275e-06
    5.4416904449e+01    2.2153599275e-06
    5.5510566711e+01    2.2153599275e-06
    5.6606887817e+01    2.2153599275e-06
    5.7706230164e+01    2.2153599275e-06
    5.8808792114e+01    2.2153599275e-06
    5.9914524078e+01    2.2153599275e-06
    6.1022819519e+01    2.2153599275e-06
    6.2133293152e+01    2.2153599275e-06
    6.3249252319e+01    2.2153599275e-06
    6.4378501892e+01    2.2153599275e-06
    6.5512222290e+01    2.2153599275e-06
    6.6650276184e+01    2.2153599275e-06
    6.7790916443e+01    2.2153599275e-06
    6.8933296204e+01    2.2153599275e-06
    7.0078598022e+01    2.2153599275e-06
    7.1226539612e+01    2.2153599275e-06
    7.2375640869e+01    2.2153599275e-06
    7.3527450562e+01    2.2153599275e-06
    7.4680152893e+01    2.2153599275e-06
    7.5835548401e+01    2.2153599275e-06
    7.6993507385e+01    2.2153599275e-06
    7.8152351379e+01    2.2153599275e-06
    7.9313644409e+01    2.2153599275e-06
    8.0476127625e+01    2.2153599275e-06
    8.1640594482e+01    2.2153599275e-06
    8.2807281494e+01    2.2153599275e-06
    8.3974723816e+01    2.2153599275e-06
    8.5144386292e+01    2.2153599275e-06
    8.6315238953e+01    2.2153599275e-06
    8.7487724304e+01    2.2153599275e-06
    8.8662162781e+01    2.2153599275e-06
    8.9837272644e+01    2.2153599275e-06
    9.1014450073e+01    2.2153599275e-06
    9.2192520142e+01    2.2153599275e-06
    9.3372184753e+01    2.2153599275e-06
    9.4500198364e+01    2.2153599275e-06
    9.5619590759e+01    2.2153599275e-06
    9.6749359131e+01    2.2153599275e-06
    9.7861122131e+01    2.2153599275e-06
    9.9019271851e+01    2.2153599275e-06
    1.0020672607e+02    2.2153599275e-06
    1.0139472198e+02    2.2153599275e-06
    1.0255888367e+02    2.2153599275e-06
    1.0370766449e+02    2.2153599275e-06
    1.0486312103e+02    2.2153599275e-06
    1.0602238464e+02    2.2153599275e-06
    1.0718284607e+02    2.2153599275e-06
    1.0834589386e+02    2.2153599275e-06
    1.0952215576e+02    2.2153599275e-06
    1.1067596436e+02    2.2153599275e-06
    1.1181137848e+02    2.2153599275e-06
    1.1294892883e+02    2.2153599275e-06
    1.1410757446e+02    2.2153599275e-06
    1.1523799133e+02    2.2153599275e-06
    1.1641750336e+02    2.2153599275e-06
    1.1758191681e+02    2.2153599275e-06
    1.1873832703e+02    2.2153599275e-06
    1.1991976929e+02    2.2153599275e-06
    1.2109438324e+02    2.2153599275e-06
    1.2222765350e+02    2.2153599275e-06
    1.2339671326e+02    2.2153599275e-06
    1.2459108734e+02    2.2153599275e-06
    1.2577571106e+02    2.2153599275e-06
    1.2695529175e+02    2.2153599275e-06
    1.2816136169e+02    2.2186743536e-06
    1.2933650208e+02    2.2153599275e-06
    1.3051292419e+02    2.2120461836e-06
    1.3168991089e+02    2.2153603823e-06
    1.3288458252e+02    2.2186745809e-06
    1.3404324341e+02    2.2186743536e-06
    1.3524606323e+02    2.2120464109e-06
    1.3641296387e+02    2.2120461836e-06
    1.3761027527e+02    2.2120464109e-06
    1.3882463074e+02    2.2153603823e-06
    1.4002581787e+02    2.2186745809e-06
    1.4122383118e+02    2.2153601549e-06
    1.4242655945e+02    2.2120459562e-06
    1.4363375854e+02    2.2120459562e-06
    1.4481723022e+02    2.2120459562e-06
    1.4603709412e+02    2.2120459562e-06
    1.4724792480e+02    2.2219887796e-06
    1.4846891785e+02    2.2153601549e-06
    1.4963658142e+02    2.2054175588e-06
    1.5083538818e+02    2.2153603823e-06
    1.5202668762e+02    2.2186743536e-06
    1.5321263123e+02    2.2054171041e-06
    1.5443653870e+02    2.2120459562e-06
    1.5566081238e+02    2.2219883249e-06
    1.5688160706e+02    2.2120457288e-06
    1.5809652710e+02    2.2186741262e-06
    1.5928483582e+02    2.2219883249e-06
    1.6048114014e+02    2.2054173314e-06
    1.6169468689e+02    2.1954745080e-06
    1.6289721680e+02    2.2021029054e-06
    1.6412506104e+02    2.2120455014e-06
    1.6535313416e+02    2.2054168767e-06
    1.6657395935e+02    2.2087308480e-06
    1.6778500366e+02    2.2120455014e-06
    1.6898408508e+02    2.2054166493e-06
    1.7021408081e+02    2.2021026780e-06
    1.7144441223e+02    2.2021024506e-06
    1.7263467407e+02    2.2021031327e-06
    1.7386587524e+02    2.2120459562e-06
    1.7509034729e+02    2.2219890070e-06
    1.7632240295e+02    2.2120457288e-06
    1.7753457642e+02    2.2054171041e-06
    1.7876757812e+02    2.2087313027e-06
    1.8000065613e+02    2.2186738988e-06
    1.8123426819e+02    2.2054171041e-06
    1.8246827698e+02    2.2054171041e-06
    1.8370265198e+02    2.2219890070e-06
    1.8493760681e+02    2.2153603823e-06
    1.8617269897e+02    2.2087317575e-06
    1.8740835571e+02    2.2120464109e-06
    1.8864421082e+02    2.2120466383e-06
    1.8988043213e+02    2.1987896162e-06
    1.9111711121e+02    2.2021038149e-06
    1.9235408020e+02    2.2087319849e-06
    1.9359153748e+02    2.2054184683e-06
    1.9482923889e+02    2.2021042696e-06
    1.9606744385e+02    2.2021040422e-06
    1.9730581665e+02    2.2021038149e-06
    1.9854463196e+02    2.1987898435e-06
    1.9978367615e+02    2.2021040422e-06
    2.0102297974e+02    2.2021035875e-06
    2.0226269531e+02    2.2054180135e-06
    2.0350257874e+02    2.2087322122e-06
    2.0474302673e+02    2.2120466383e-06
    2.0598365784e+02    2.2054180135e-06
    2.0722465515e+02    2.2087319849e-06
    2.0846580505e+02    2.2120466383e-06
    2.0970729065e+02    2.2087319849e-06
    2.1094914246e+02    2.2087322122e-06
    2.1219119263e+02    2.2021035875e-06
    2.1343367004e+02    2.1987893888e-06
    2.1467630005e+02    2.2120464109e-06
    2.1591935730e+02    2.2153603823e-06
    2.1716264343e+02    2.2054175588e-06
    2.1840608215e+02    2.2054177862e-06
    2.1964994812e+02    2.2021035875e-06
    2.2089390564e+02    2.1954749627e-06
    2.2213827515e+02    2.1954747353e-06
    2.2338287354e+02    2.2054177862e-06
    2.2462767029e+02    2.2021033601e-06
    2.2587280273e+02    2.1954749627e-06
    2.2711814880e+02    2.2021035875e-06
    2.2836381531e+02    2.2120461836e-06
    2.2960964966e+02    2.2021033601e-06
    2.3085583496e+02    2.1954749627e-06
    2.3210214233e+02    2.1987889340e-06
    2.3334873962e+02    2.1954751901e-06
    2.3459552002e+02    2.1921607640e-06
    2.3584245300e+02    2.1954754175e-06
    2.3708967590e+02    2.1987891614e-06
    2.3833706665e+02    2.1987893888e-06
    2.3958477783e+02    2.2054182409e-06
    2.4083258057e+02    2.2120468657e-06
    2.4208076477e+02    2.2087324396e-06
    2.4332913208e+02    2.1987896162e-06
    2.4457774353e+02    2.1888467927e-06
    2.4582644653e+02    2.1921614461e-06
    2.4707548523e+02    2.1954751901e-06
    2.4832479858e+02    2.1954754175e-06
    2.4957412720e+02    2.1921616735e-06
    2.5082371521e+02    2.1888479296e-06
    2.5207366943e+02    2.1987905257e-06
    2.5332365417e+02    2.1954758722e-06
    2.5457394409e+02    2.1888481569e-06
    2.5582431030e+02    2.1921621283e-06
    2.5707510376e+02    2.2021049517e-06
    2.5832571411e+02    2.1888488391e-06
    2.5957687378e+02    2.1689631922e-06
    2.6082827759e+02    2.1689629648e-06
    2.6207974243e+02    2.1656489935e-06
    2.6333148193e+02    2.1490777726e-06
    2.6458340454e+02    2.1391351765e-06
    2.6583532715e+02    2.1358207505e-06
    2.6708743286e+02    2.1358205231e-06
    2.6833959961e+02    2.1291921257e-06
    2.6959237671e+02    2.1291921257e-06
    2.7084494019e+02    2.1490773179e-06
    2.7209799194e+02    2.1722773909e-06
    2.7335107422e+02    2.1855344130e-06
    2.7460433960e+02    2.2021056338e-06
    2.7585772705e+02    2.2087338039e-06
    2.7711126709e+02    2.1987912078e-06
    2.7836499023e+02    2.1789057882e-06
    2.7961868286e+02    2.1755915895e-06
    2.8087255859e+02    2.1722771635e-06
    2.8212622070e+02    2.1722771635e-06
    2.8338000488e+02    2.1755918169e-06
    2.8463433838e+02    2.1789062430e-06
    2.8588940430e+02    2.1855348677e-06
    2.8714495850e+02    2.1855348677e-06
    2.8840002441e+02    2.1755918169e-06
    2.8965420532e+02    2.1722773909e-06
    2.9090832520e+02    2.1855346404e-06
    2.9216281128e+02    2.1855346404e-06
    2.9341806030e+02    2.1755920443e-06
    2.9467425537e+02    2.1822204417e-06
    2.9592999268e+02    2.2021060886e-06
    2.9718557739e+02    2.2054202873e-06
    2.9844158936e+02    2.1987914351e-06
    2.9969833374e+02    2.1954772365e-06
    3.0095578003e+02    2.1987914351e-06
    3.0221273804e+02    2.1855346404e-06
    3.0346939087e+02    2.1789062430e-06
    3.0472668457e+02    2.1789062430e-06
    3.0598461914e+02    2.1822206691e-06
    3.0724270630e+02    2.1722778456e-06
    3.0850070190e+02    2.1722780730e-06
    3.0975839233e+02    2.1822211238e-06
    3.1101647949e+02    2.1921637199e-06
    3.1227514648e+02    2.1921632651e-06
    3.1353396606e+02    2.1855346404e-06
    3.1479278564e+02    2.1921632651e-06
    3.1605151367e+02    2.1987914351e-06
    3.1731033325e+02    2.1954767817e-06
    3.1856964111e+02    2.1987912078e-06
    3.1982864380e+02    2.2021056338e-06
    3.2108770752e+02    2.1954772365e-06
    3.2234719849e+02    2.1954772365e-06
    3.2360678101e+02    2.1954767817e-06
    3.2486669922e+02    2.1888488391e-06
    3.2612573242e+02    2.1755915895e-06
    3.2738458252e+02    2.1789060156e-06
    3.2864459229e+02    2.1789060156e-06
    3.2990502930e+02    2.1656485387e-06
    3.3116555786e+02    2.1689629648e-06
    3.3242477417e+02    2.1855341856e-06
    3.3368319702e+02    2.1855339583e-06
    3.3494293213e+02    2.1722767087e-06
    3.3620388794e+02    2.1689629648e-06
    3.3746499634e+02    2.1689629648e-06
    3.3872543335e+02    2.1722769361e-06
    3.3998382568e+02    2.1789057882e-06
    3.4124255371e+02    2.1855341856e-06
    3.4250320435e+02    2.1954770091e-06
    3.4376492310e+02    2.2087340312e-06
    3.4502670288e+02    2.1987909804e-06
    3.4628619385e+02    2.1855339583e-06
    3.4754415894e+02    2.1855339583e-06
    3.4880361938e+02    2.1888483843e-06
    3.5006552124e+02    2.1987907530e-06
    3.5132757568e+02    2.2087338039e-06
    3.5258963013e+02    2.2054193778e-06
    3.5384841919e+02    2.1888486117e-06
    3.5510720825e+02    2.1722769361e-06
    3.5636816406e+02    2.1590199140e-06
    3.5763095093e+02    2.1557054879e-06
    3.5889358521e+02    2.1557054879e-06
    3.6015557861e+02    2.1557054879e-06
    3.6141549683e+02    2.1523910618e-06
    3.6267651367e+02    2.1523910618e-06
    3.6393966675e+02    2.1523910618e-06
    3.6520291138e+02    2.1623334305e-06
    3.6646563721e+02    2.1689620553e-06
    3.6772897339e+02    2.1656480840e-06
    3.6899044800e+02    2.1789046514e-06
    3.7025283813e+02    2.1954760996e-06
    3.7151608276e+02    2.1855337309e-06
    3.7277932739e+02    2.1789051061e-06
    3.7404281616e+02    2.1888479296e-06
    3.7530667114e+02    2.1888479296e-06
    3.7656854248e+02    2.1888481569e-06
    3.7783151245e+02    2.2021051791e-06
    3.7909362793e+02    2.1954760996e-06
    3.8035690308e+02    2.1789051061e-06
    3.8162088013e+02    2.1656478566e-06
    3.8288461304e+02    2.1689622827e-06
    3.8414846802e+02    2.1656480840e-06
    3.8541033936e+02    2.1623338853e-06
    3.8667208862e+02    2.1722767087e-06
    3.8793576050e+02    2.1689625100e-06
    3.8919891357e+02    2.1557052605e-06
    3.9046276855e+02    2.1557052605e-06
    3.9172656250e+02    2.1656478566e-06
    3.9298834229e+02    2.1623338853e-06
    3.9425057983e+02    2.1557054879e-06
    3.9551278687e+02    2.1623338853e-06
    3.9677355957e+02    2.1623334305e-06
    3.9803637695e+02    2.1656478566e-06
    3.9930014038e+02    2.1656480840e-06
    4.0056130981e+02    2.1656483113e-06
    4.0182379150e+02    2.1789053335e-06
    4.0308465576e+02    2.1888481569e-06
    4.0434600830e+02    2.1888477022e-06
    4.0560983276e+02    2.1789051061e-06
    4.0687289429e+02    2.1590194592e-06
    4.0813534546e+02    2.1557052605e-06
    4.0939947510e+02    2.1623336579e-06
    4.1066247559e+02    2.1623334305e-06
    4.1192645264e+02    2.1755906801e-06
    4.1319198608e+02    2.1789051061e-06
    4.1445581055e+02    2.1722767087e-06
    4.1571981812e+02    2.1689627374e-06
    4.1698544312e+02    2.1755911348e-06
    4.1824905396e+02    2.1789055609e-06
    4.1951388550e+02    2.1656485387e-06
    4.2078067017e+02    2.1557052605e-06
    4.2204373169e+02    2.1457631192e-06
    4.2330844116e+02    2.1291918983e-06
    4.2457418823e+02    2.1225632736e-06
    4.2584063721e+02    2.1358200684e-06
    4.2710586548e+02    2.1490770905e-06
    4.2837173462e+02    2.1457628918e-06
    4.2963763428e+02    2.1557057153e-06
    4.3090451050e+02    2.1656483113e-06
    4.3217059326e+02    2.1656483113e-06
    4.3343444824e+02    2.1656483113e-06
    4.3469866943e+02    2.1789053335e-06
    4.3596508789e+02    2.1789055609e-06
    4.3723251343e+02    2.1789051061e-06
    4.3849902344e+02    2.1755909074e-06
    4.3976528931e+02    2.1789053335e-06
    4.4102856445e+02    2.1689620553e-06
    4.4229272461e+02    2.1557050331e-06
    4.4355926514e+02    2.1590194592e-06
    4.4482684326e+02    2.1557048058e-06
    4.4609475708e+02    2.1424477836e-06
    4.4735900879e+02    2.1325049602e-06
    4.4862060547e+02    2.1391333576e-06
    4.4988348389e+02    2.1457622097e-06
    4.5114910889e+02    2.1457624371e-06
    4.5241580200e+02    2.1457626644e-06
    4.5368441772e+02    2.1490761810e-06
    4.5494894409e+02    2.1490764084e-06
    4.5621105957e+02    2.1391338123e-06
    4.5747546387e+02    2.1391338123e-06
    4.5874176025e+02    2.1391335849e-06
    4.6000869751e+02    2.1291909889e-06
    4.6127716064e+02    2.1126195406e-06
    4.6254296875e+02    2.1159335120e-06
    4.6380706787e+02    2.1291907615e-06
    4.6507278442e+02    2.1391331302e-06
    4.6633905029e+02    2.1490764084e-06
    4.6760638428e+02    2.1656476292e-06
    4.6887521362e+02    2.1689622827e-06
    4.7014080811e+02    2.1656480840e-06
    4.7140560913e+02    2.1557054879e-06
    4.7267205811e+02    2.1490768631e-06
    4.7394064331e+02    2.1557054879e-06
    4.7521041870e+02    2.1523915166e-06
    4.7647836304e+02    2.1391344944e-06
    4.7774392700e+02    2.1457631192e-06
    4.7901129150e+02    2.1590205961e-06
    4.8027941895e+02    2.1623345674e-06
    4.8154678345e+02    2.1722771635e-06
    4.8281466675e+02    2.1789060156e-06
    4.8408386230e+02    2.1656487661e-06
    4.8535247803e+02    2.1557059426e-06
    4.8662142944e+02    2.1457633466e-06
    4.8789102173e+02    2.1358205231e-06
    4.8915988159e+02    2.1490770905e-06
    4.9042773438e+02    2.1722771635e-06
    4.9169723511e+02    2.1722776182e-06
    4.9296539307e+02    2.1689636469e-06
    4.9423562622e+02    2.1656499030e-06
    4.9550607300e+02    2.1623350221e-06
    4.9677331543e+02    2.1623354769e-06
    4.9803964233e+02    2.1557068521e-06
    4.9930734253e+02    2.1490784547e-06
    5.0057723999e+02    2.1291925805e-06
    5.0184838867e+02    2.1192497570e-06
    5.0311593628e+02    2.1159355583e-06
    5.0438168335e+02    2.1225644105e-06
    5.0564923096e+02    2.1424500574e-06
    5.0691909790e+02    2.1689641017e-06
    5.0818948364e+02    2.1954781459e-06
    5.0946078491e+02    2.1954779186e-06
    5.1073092651e+02    2.1921639473e-06
    5.1200006104e+02    2.1855355499e-06
    5.1326892090e+02    2.1755927264e-06
    5.1453881836e+02    2.1656501303e-06
    5.1580975342e+02    2.1855353225e-06
    5.1708160400e+02    2.1987925720e-06
    5.1835113525e+02    2.2054211968e-06
    5.1962036133e+02    2.2120502763e-06
    5.2089111328e+02    2.2120502763e-06
    5.2216314697e+02    2.2120502763e-06
    5.2343365479e+02    2.2153642476e-06
    5.2470428467e+02    2.2153642476e-06
    5.2597570801e+02    2.2219926450e-06
    5.2724816895e+02    2.2385643206e-06
    5.2852050781e+02    2.2617641662e-06
    5.2979229736e+02    2.2816498131e-06
    5.3106274414e+02    2.3114785108e-06
    5.3233465576e+02    2.3611935376e-06
    5.3360742188e+02    2.4341213702e-06
    5.3488043213e+02    2.4937926355e-06
    5.3615319824e+02    2.5501494747e-06
    5.3742523193e+02    2.6363384222e-06
    5.3869641113e+02    2.7424164273e-06
    5.3996789551e+02    2.8783415473e-06
    5.4124060059e+02    3.0474191135e-06
    5.4251354980e+02    3.2463356092e-06
    5.4378552246e+02    3.4717804738e-06
    5.4505725098e+02    3.7469651488e-06
    5.4633007812e+02    4.0719110075e-06
    5.4760351562e+02    4.4433131734e-06
    5.4887658691e+02    4.8678057283e-06
    5.5014971924e+02    5.3686289903e-06
    5.5142327881e+02    5.9524268181e-06
    5.5269696045e+02    6.6192465056e-06
    5.5397021484e+02    7.3724618233e-06
    5.5524365234e+02    8.2187161752e-06
    5.5651708984e+02    9.1780175353e-06
    5.5779040527e+02    1.0247064893e-05
    5.5906237793e+02    1.1455867025e-05
    5.6033471680e+02    1.2837715076e-05
    5.6160797119e+02    1.4376183572e-05
    5.6288165283e+02    1.6034842702e-05
    5.6415533447e+02    1.7847096387e-05
    5.6542852783e+02    1.9809776859e-05
    5.6670043945e+02    2.1932983145e-05
    5.6797253418e+02    2.4250324714e-05
    5.6924548340e+02    2.6758672902e-05
    5.7051892090e+02    2.9378375984e-05
    5.7179205322e+02    3.2112951885e-05
    5.7306597900e+02    3.5049215512e-05
    5.7433886719e+02    3.8174155634e-05
    5.7561145020e+02    4.1415012674e-05
    5.7688494873e+02    4.4725467887e-05
    5.7815887451e+02    4.8074714869e-05
    5.7943218994e+02    5.1458617236e-05
    5.8070550537e+02    5.4861386161e-05
    5.8197949219e+02    5.8229390561e-05
    5.8325390625e+02    6.1569291574e-05
    5.8452850342e+02    6.4823812863e-05
    5.8580273438e+02    6.7922374001e-05
    5.8707629395e+02    7.0824418799e-05
    5.8835015869e+02    7.3482027801e-05
    5.8962445068e+02    7.5874668255e-05
    5.9089910889e+02    7.7969176346e-05
    5.9217401123e+02    7.9669429397e-05
    5.9344879150e+02    8.0949343101e-05
    5.9472283936e+02    8.1805039372e-05
    5.9599682617e+02    8.2248901890e-05
    5.9727130127e+02    8.2291742729e-05
    5.9854583740e+02    8.1899961515e-05
    5.9982037354e+02    8.0976373283e-05
    6.0109527588e+02    7.9433804785e-05
    6.0236975098e+02    7.7376898844e-05
    6.0364428711e+02    7.4856492574e-05
    6.0491925049e+02    7.1869086241e-05
    6.0619378662e+02    6.8490604463e-05
    6.0746820068e+02    6.4791878685e-05
    6.0874285889e+02    6.0764712543e-05
    6.1001745605e+02    5.6433080317e-05
    6.1129229736e+02    5.1834969781e-05
    6.1256683350e+02    4.7057223128e-05
    6.1384149170e+02    4.2220559408e-05
    6.1511645508e+02    3.7431975215e-05
    6.1639178467e+02    3.2734733395e-05
    6.1766693115e+02    2.8125135941e-05
    6.1894183350e+02    2.3666279958e-05
    6.2021667480e+02    1.9470811822e-05
    6.2149151611e+02    1.5641640857e-05
    6.2276672363e+02    1.2270225852e-05
    6.2404199219e+02    9.3653607109e-06
    6.2531707764e+02    6.9460620580e-06
    6.2659246826e+02    5.0222233767e-06
    6.2786785889e+02    3.6130866192e-06
    6.2914306641e+02    2.8508004561e-06
    6.3041839600e+02    2.7416890589e-06
    6.3169329834e+02    3.0870207866e-06
    6.3296789551e+02    3.7607699142e-06
    6.3424273682e+02    4.8422430154e-06
    6.3551800537e+02    6.4181563175e-06
    6.3679364014e+02    8.5121473603e-06
    6.3806909180e+02    1.1075130715e-05
    6.3934454346e+02    1.3928406588e-05
    6.4061932373e+02    1.6823036276e-05
    6.4189398193e+02    1.9679366233e-05
    6.4316912842e+02    2.2513931981e-05
    6.4444488525e+02    2.5280061891e-05
    6.4572039795e+02    2.7884210795e-05
    6.4699584961e+02    3.0316186894e-05
    6.4827160645e+02    3.2473530155e-05
    6.4954718018e+02    3.4234522900e-05
    6.5082318115e+02    3.5518613004e-05
    6.5209912109e+02    3.6379260564e-05
    6.5337493896e+02    3.6792800529e-05
    6.5465032959e+02    3.6732290027e-05
    6.5592474365e+02    3.6181074393e-05
    6.5720007324e+02    3.5129985918e-05
    6.5847558594e+02    3.3615582652e-05
    6.5975134277e+02    3.1738196412e-05
    6.6102758789e+02    2.9618082408e-05
    6.6230340576e+02    2.7271753424e-05
    6.6357897949e+02    2.4693668820e-05
    6.6485388184e+02    2.1904394089e-05
    6.6612811279e+02    1.8957061911e-05
    6.6740045166e+02    1.6041409253e-05
    6.6867620850e+02    1.3306907022e-05
    6.6995227051e+02    1.0823227058e-05
    6.7122839355e+02    8.6358331828e-06
    6.7250213623e+02    6.7676496656e-06
    6.7377606201e+02    5.1987826737e-06
    6.7505145264e+02    3.9752949306e-06
    6.7632751465e+02    3.1798690543e-06
    6.7760351562e+02    2.8786246276e-06
    6.7887957764e+02    3.0579019494e-06
    6.8015490723e+02    3.7013289784e-06
    6.8143017578e+02    4.7162234296e-06
    6.8270581055e+02    6.0265097090e-06
    6.8397949219e+02    7.6655551311e-06
    6.8525543213e+02    9.6038256743e-06
    6.8653161621e+02    1.1685663594e-05
    6.8780761719e+02    1.3837942788e-05
    6.8908325195e+02    1.6104057067e-05
    6.9035876465e+02    1.8440954591e-05
    6.9163055420e+02    2.0665616830e-05
    6.9290570068e+02    2.2598782380e-05
    6.9418194580e+02    2.4209910407e-05
    6.9545825195e+02    2.5531551728e-05
    6.9673480225e+02    2.6527161026e-05
    6.9801110840e+02    2.7093148674e-05
    6.9928747559e+02    2.7265961762e-05
    7.0056408691e+02    2.7169333407e-05
    7.0184063721e+02    2.6792904464e-05
    7.0311401367e+02    2.5976974939e-05
    7.0438995361e+02    2.4655106245e-05
    7.0566613770e+02    2.2924205041e-05
    7.0694238281e+02    2.0977566237e-05
    7.0821887207e+02    1.8951368475e-05
    7.0949560547e+02    1.6849899112e-05
    7.1077221680e+02    1.4653073777e-05
    7.1204864502e+02    1.2503714061e-05
    7.1332385254e+02    1.0501556972e-05
    7.1459954834e+02    8.5699766714e-06
    7.1587561035e+02    6.7449786911e-06
    7.1715209961e+02    5.2258533287e-06
    7.1842883301e+02    4.1051248445e-06
    7.1970544434e+02    3.3129581425e-06
    7.2098199463e+02    2.8423753520e-06
    7.2225872803e+02    2.7596743166e-06
    7.2353533936e+02    3.0979547319e-06
    7.2481213379e+02    3.7710935885e-06
    7.2608898926e+02    4.7062803787e-06
    7.2736566162e+02    5.8704586081e-06
    7.2864202881e+02    7.2770467341e-06
    7.2991833496e+02    8.8897859314e-06
    7.3119482422e+02    1.0615901374e-05
    7.3247125244e+02    1.2345844880e-05
    7.3374804688e+02    1.4009910046e-05
    7.3502453613e+02    1.5571395124e-05
    7.3630108643e+02    1.7024005501e-05
    7.3757794189e+02    1.8303897377e-05
    7.3885473633e+02    1.9351295123e-05
    7.4013146973e+02    2.0086021323e-05
    7.4140802002e+02    2.0435234546e-05
    7.4268481445e+02    2.0415309336e-05
    7.4396179199e+02    2.0142542780e-05
    7.4523834229e+02    1.9666913431e-05
    7.4651489258e+02    1.8918626665e-05
    7.4779180908e+02    1.7824653696e-05
    7.4906909180e+02    1.6441730622e-05
    7.5034521484e+02    1.4912900042e-05
    7.5162091064e+02    1.3261415916e-05
    7.5289807129e+02    1.1521092347e-05
    7.5417517090e+02    9.8046193671e-06
    7.5545214844e+02    8.2117012425e-06
    7.5672924805e+02    6.7385553848e-06
    7.5800671387e+02    5.4183860811e-06
    7.5928137207e+02    4.3340555749e-06
    7.6055859375e+02    3.5053096781e-06
    7.6183563232e+02    2.9285947676e-06
    7.6311273193e+02    2.6071791126e-06
    7.6439019775e+02    2.6172476737e-06
    7.6566674805e+02    2.9753493891e-06
    7.6694372559e+02    3.5787991237e-06
    7.6822088623e+02    4.3911900320e-06
    7.6949792480e+02    5.4292122513e-06
    7.7077496338e+02    6.6797201725e-06
    7.7205218506e+02    8.0632826212e-06
    7.7332952881e+02    9.5268105724e-06
    7.7460711670e+02    1.0990742339e-05
    7.7588421631e+02    1.2378609426e-05
    7.7716101074e+02    1.3607689652e-05
    7.7843798828e+02    1.4654156985e-05
    7.7971527100e+02    1.5521372916e-05
    7.8099230957e+02    1.6199170204e-05
    7.8226922607e+02    1.6667805539e-05
    7.8354626465e+02    1.6907144527e-05
    7.8482348633e+02    1.6883843273e-05
    7.8610058594e+02    1.6551437511e-05
    7.8737738037e+02    1.5900022845e-05
    7.8865447998e+02    1.4989498595e-05
    7.8993206787e+02    1.3913006114e-05
    7.9120941162e+02    1.2700535990e-05
    7.9248687744e+02    1.1405171790e-05
    7.9376403809e+02    1.0103624845e-05
    7.9504144287e+02    8.8057913672e-06
    7.9631890869e+02    7.5117573033e-06
    7.9759680176e+02    6.2908752625e-06
    7.9887451172e+02    5.1930401241e-06
    8.0015228271e+02    4.2580036279e-06
    8.0143011475e+02    3.4988395328e-06
    8.0270819092e+02    2.9718237329e-06
    8.0398602295e+02    2.7332509944e-06
    8.0526403809e+02    2.8062629553e-06
    8.0654199219e+02    3.1378265248e-06
    8.0782006836e+02    3.6484391330e-06
    8.0909802246e+02    4.3480868044e-06
    8.1037561035e+02    5.3197327361e-06
    8.1165289307e+02    6.4673608904e-06
    8.1293011475e+02    7.5920706877e-06
    8.1420764160e+02    8.6672052930e-06
    8.1548474121e+02    9.8056043498e-06
    8.1676232910e+02    1.0984032997e-05
    8.1804028320e+02    1.2076555322e-05
    8.1931744385e+02    1.2993154996e-05
    8.2059460449e+02    1.3773623323e-05
    8.2187139893e+02    1.4371591533e-05
    8.2314819336e+02    1.4733715943e-05
    8.2442547607e+02    1.4896525499e-05
    8.2570324707e+02    1.4796833966e-05
    8.2698132324e+02    1.4391484910e-05
    8.2825933838e+02    1.3766909433e-05
    8.2953680420e+02    1.3026135093e-05
    8.3081414795e+02    1.2129380593e-05
    8.3209179688e+02    1.1073410860e-05
    8.3336950684e+02    9.9644248621e-06
    8.3464733887e+02    8.8723891167e-06
    8.3592547607e+02    7.8337261584e-06
    8.3720373535e+02    6.8517106229e-06
    8.3848211670e+02    5.9063181652e-06
    8.3976068115e+02    4.9711329666e-06
    8.4103924561e+02    4.1587991291e-06
    8.4231768799e+02    3.6615240333e-06
    8.4359582520e+02    3.4958040942e-06
    8.4487384033e+02    3.5124348869e-06
    8.4615155029e+02    3.6384865325e-06
    8.4742926025e+02    3.9270021261e-06
    8.4870727539e+02    4.3779918997e-06
    8.4998541260e+02    5.0246389947e-06
    8.5126330566e+02    5.8604086917e-06
    8.5254101562e+02    6.7991327342e-06
    8.5381909180e+02    7.7812255768e-06
    8.5509741211e+02    8.8099113782e-06
    8.5637542725e+02    9.8022292150e-06
    8.5765350342e+02    1.0638857020e-05
    8.5893176270e+02    1.1375891518e-05
    8.6021002197e+02    1.2066519957e-05
    8.6148809814e+02    1.2650986719e-05
    8.6276611328e+02    1.3042900719e-05
    8.6404425049e+02    1.3245512491e-05
    8.6532238770e+02    1.3245505215e-05
    8.6660028076e+02    1.3026269698e-05
    8.6787847900e+02    1.2604442418e-05
    8.6915649414e+02    1.2016639630e-05
    8.7043389893e+02    1.1302695384e-05
    8.7171154785e+02    1.0485938219e-05
    8.7298944092e+02    9.5630684882e-06
    8.7426678467e+02    8.5706706159e-06
    8.7554443359e+02    7.5984771684e-06
    8.7682269287e+02    6.6993984547e-06
    8.7810107422e+02    5.8933678702e-06
    8.7937982178e+02    5.2168306865e-06
    8.8065771484e+02    4.7128014558e-06
    8.8193499756e+02    4.3613486014e-06
    8.8321240234e+02    4.1558105295e-06
    8.8449047852e+02    4.0762852223e-06
    8.8576898193e+02    4.1857501856e-06
    8.8704718018e+02    4.5339324970e-06
    8.8832495117e+02    5.0147859838e-06
    8.8960247803e+02    5.5719633565e-06
    8.9088000488e+02    6.2187518779e-06
    8.9215698242e+02    6.9651300691e-06
    8.9343347168e+02    7.7979020716e-06
    8.9470983887e+02    8.7104035629e-06
    8.9598663330e+02    9.6231215139e-06
    8.9726367188e+02    1.0356718121e-05
    8.9854064941e+02    1.0904427654e-05
    8.9981732178e+02    1.1362625628e-05
    9.0109393311e+02    1.1731211998e-05
    9.0237078857e+02    1.1923827515e-05
    9.0364776611e+02    1.1870703020e-05
    9.0492517090e+02    1.1694712157e-05
    9.0620269775e+02    1.1492167687e-05
    9.0748028564e+02    1.1153472769e-05
    9.0875787354e+02    1.0559165275e-05
    9.1003460693e+02    9.8620275821e-06
    9.1131219482e+02    9.1882184279e-06
    9.1258947754e+02    8.4381072156e-06
    9.1386639404e+02    7.5587608990e-06
    9.1514422607e+02    6.6332072493e-06
    9.1642175293e+02    5.7840643422e-06
    9.1769921875e+02    5.1008773880e-06
    9.1897662354e+02    4.5603815124e-06
    9.2025354004e+02    4.1160778892e-06
    9.2153143311e+02    3.8011287415e-06
    9.2280895996e+02    3.5823468352e-06
    9.2408636475e+02    3.4232662074e-06
    9.2536456299e+02    3.3868552691e-06
    9.2664208984e+02    3.6487908801e-06
    9.2791973877e+02    4.1295425035e-06
    9.2919793701e+02    4.6799814299e-06
    9.3047583008e+02    5.2735813370e-06
    9.3175384521e+02    5.9004219111e-06
    9.3303186035e+02    6.5572126005e-06
    9.3431018066e+02    7.2472194006e-06
    9.3558837891e+02    7.9771343735e-06
    9.3686676025e+02    8.7502467068e-06
    9.3814520264e+02    9.5135465017e-06
    9.3942346191e+02    1.0091096556e-05
    9.4070153809e+02    1.0376585124e-05
    9.4197985840e+02    1.0443021893e-05
    9.4325738525e+02    1.0416486475e-05
    9.4453491211e+02    1.0293672858e-05
    9.4581250000e+02    1.0041400856e-05
    9.4709014893e+02    9.6762569228e-06
    9.4836724854e+02    9.2348182079e-06
    9.4964416504e+02    8.7203779913e-06
    9.5092163086e+02    8.1363214122e-06
    9.5219854736e+02    7.4527529250e-06
    9.5347558594e+02    6.6631696427e-06
    9.5475250244e+02    5.8770642681e-06
    9.5602880859e+02    5.1905713008e-06
    9.5730566406e+02    4.6235363698e-06
    9.5858233643e+02    4.1726161726e-06
    9.5985839844e+02    3.8046121063e-06
    9.6113476562e+02    3.5427226521e-06
    9.6241052246e+02    3.4631877952e-06
    9.6368670654e+02    3.5759269394e-06
    9.6496264648e+02    3.8245934775e-06
    9.6623803711e+02    4.2058886720e-06
    9.6751348877e+02    4.7132089094e-06
    9.6878802490e+02    5.2338436944e-06
    9.7006158447e+02    5.7081110754e-06
    9.7133367920e+02    6.1791383814e-06
    9.7260522461e+02    6.7165442488e-06
    9.7387457275e+02    7.3368878475e-06
    9.7514331055e+02    7.9407664089e-06
    9.7640881348e+02    8.4849216364e-06
    9.7767260742e+02    8.9959594334e-06
    9.7893511963e+02    9.4473280114e-06
    9.8019604492e+02    9.6929534266e-06
    9.8145538330e+02    9.7095744422e-06
    9.8271020508e+02    9.6033681984e-06
    9.8396295166e+02    9.4672832347e-06
    9.8520526123e+02    9.2714481070e-06
    9.8643432617e+02    8.9229806690e-06
    9.8764691162e+02    8.4152306954e-06
    9.8884820557e+02    7.8146158558e-06
    9.9005517578e+02    7.1643157753e-06
    9.9124932861e+02    6.5140598053e-06
    9.9244146729e+02    5.9302669797e-06
    9.9364569092e+02    5.4161814660e-06
    9.9484771729e+02    4.9452451094e-06
    9.9605804443e+02    4.4942958084e-06
    9.9727386475e+02    4.0864792936e-06
    9.9849328613e+02    3.7284232803e-06
    9.9971276855e+02    3.4466604575e-06
    1.0009323730e+03    3.2875580018e-06
    1.0021560059e+03    3.2610735161e-06
    1.0033573608e+03    3.3373364658e-06
    1.0045797119e+03    3.5428972751e-06
    1.0057852173e+03    3.8711177694e-06
    1.0070137939e+03    4.2789429244e-06
    1.0082369385e+03    4.7531152632e-06
    1.0094650879e+03    5.2837008298e-06
    1.0106882324e+03    5.8674399952e-06
    1.0119098511e+03    6.4512219069e-06
    1.0131340332e+03    7.0218015935e-06
    1.0143648682e+03    7.5393436418e-06
    1.0155935669e+03    7.9739847934e-06
    1.0168249512e+03    8.3157883637e-06
    1.0180569458e+03    8.5646724983e-06
    1.0192803955e+03    8.7273056124e-06
    1.0205136108e+03    8.8036304078e-06
    1.0217321167e+03    8.8168981165e-06
    1.0229669800e+03    8.7571424956e-06
    1.0241970215e+03    8.6044647105e-06
    1.0254453125e+03    8.3389804786e-06
    1.0266815186e+03    7.9441069829e-06
    1.0278981934e+03    7.4464273894e-06
    1.0291409912e+03    6.9122884270e-06
    1.0303876953e+03    6.3715283432e-06
    1.0316102295e+03    5.8673554122e-06
    1.0328439941e+03    5.3930848480e-06
    1.0340769043e+03    4.9354516705e-06
    1.0353005371e+03    4.5242622946e-06
    1.0365351562e+03    4.2159149416e-06
    1.0377866211e+03    3.9970959733e-06
    1.0390137939e+03    3.8346524889e-06
    1.0402487793e+03    3.7517922920e-06
    1.0415006104e+03    3.7750262436e-06
    1.0427373047e+03    3.9010296859e-06
    1.0439750977e+03    4.0867071220e-06
    1.0452290039e+03    4.3619320422e-06
    1.0464757080e+03    4.7333164730e-06
    1.0477171631e+03    5.1378806347e-06
    1.0489726562e+03    5.5557425185e-06
    1.0502248535e+03    5.9935614445e-06
    1.0514691162e+03    6.4214386839e-06
    1.0527242432e+03    6.8261629167e-06
    1.0539803467e+03    7.1977137850e-06
    1.0552242432e+03    7.5460770859e-06
    1.0564807129e+03    7.8347329691e-06
    1.0577402344e+03    8.0603540482e-06
    1.0589858398e+03    8.1930966189e-06
    1.0602346191e+03    8.1964280980e-06
    1.0614959717e+03    8.0703439380e-06
    1.0627490234e+03    7.8679267972e-06
    1.0640073242e+03    7.6190704021e-06
    1.0652640381e+03    7.2939310485e-06
    1.0665153809e+03    6.9090906436e-06
    1.0677631836e+03    6.4811624725e-06
    1.0690220947e+03    6.0499296524e-06
    1.0702811279e+03    5.6121421039e-06
    1.0715360107e+03    5.1677529882e-06
    1.0727989502e+03    4.7300504775e-06
    1.0740671387e+03    4.3321565499e-06
    1.0753282471e+03    4.0006125346e-06
    1.0765887451e+03    3.7685431380e-06
    1.0778470459e+03    3.6326298414e-06
    1.0791113281e+03    3.5994928567e-06
    1.0803745117e+03    3.6724438814e-06
    1.0816384277e+03    3.8581156332e-06
    1.0829033203e+03    4.1067837628e-06
    1.0841658936e+03    4.3853042371e-06
    1.0854245605e+03    4.7036364776e-06
    1.0866887207e+03    5.0949347496e-06
    1.0879472656e+03    5.5360328588e-06
    1.0892093506e+03    5.9705157582e-06
    1.0904722900e+03    6.3718784986e-06
    1.0917408447e+03    6.7234882408e-06
    1.0930079346e+03    7.0519140536e-06
    1.0942742920e+03    7.3339201663e-06
    1.0955415039e+03    7.5495649980e-06
    1.0968132324e+03    7.7121430877e-06
    1.0980827637e+03    7.7884787970e-06
    1.0993464355e+03    7.7254408097e-06
    1.1006147461e+03    7.5695170381e-06
    1.1018822021e+03    7.3737560342e-06
    1.1031483154e+03    7.1580998338e-06
    1.1044161377e+03    6.9059642556e-06
    1.1056872559e+03    6.5775384428e-06
    1.1069544678e+03    6.1828081925e-06
    1.1082214355e+03    5.7549273151e-06
    1.1094881592e+03    5.3204839787e-06
    1.1107612305e+03    4.8960191634e-06
    1.1120313721e+03    4.5113802116e-06
    1.1132990723e+03    4.1764947127e-06
    1.1145711670e+03    3.8880725697e-06
    1.1158454590e+03    3.6792246192e-06
    1.1171146240e+03    3.5830901197e-06
    1.1183852539e+03    3.5764815038e-06
    1.1196544189e+03    3.6626831843e-06
    1.1209273682e+03    3.8483490243e-06
    1.1221981201e+03    4.1368016355e-06
    1.1234691162e+03    4.4749999688e-06
    1.1247424316e+03    4.8530055210e-06
    1.1260114746e+03    5.2443156164e-06
    1.1272835693e+03    5.6124749790e-06
    1.1285581055e+03    5.9474423324e-06
    1.1298306885e+03    6.2758304011e-06
    1.1311032715e+03    6.6042107392e-06
    1.1323741455e+03    6.9094144237e-06
    1.1336457520e+03    7.1515737545e-06
    1.1349178467e+03    7.3473097473e-06
    1.1361929932e+03    7.4932963798e-06
    1.1374638672e+03    7.5596558418e-06
    1.1387363281e+03    7.5198440754e-06
    1.1400059814e+03    7.3771966527e-06
    1.1412807617e+03    7.1449558163e-06
    1.1425565186e+03    6.8364352046e-06
    1.1438331299e+03    6.4848168222e-06
    1.1451094971e+03    6.1033756538e-06
    1.1463767090e+03    5.7186157392e-06
    1.1476403809e+03    5.3538146858e-06
    1.1489128418e+03    5.0022749747e-06
    1.1501876221e+03    4.6739946811e-06
    1.1514624023e+03    4.3755785555e-06
    1.1527290039e+03    4.1202788452e-06
    1.1540030518e+03    3.9114192987e-06
    1.1552760010e+03    3.7522920593e-06
    1.1565512695e+03    3.6860008095e-06
    1.1578278809e+03    3.7059101032e-06
    1.1591004639e+03    3.7921179228e-06
    1.1603742676e+03    3.9777983147e-06
    1.1616466064e+03    4.2430478970e-06
    1.1629075928e+03    4.5480937843e-06
    1.1641781006e+03    4.8498404794e-06
    1.1654537354e+03    5.1781444199e-06
    1.1667213135e+03    5.5462660384e-06
    1.1679836426e+03    5.9077810874e-06
    1.1692530518e+03    6.2659869400e-06
    1.1705301514e+03    6.6043357947e-06
    1.1718050537e+03    6.8862877924e-06
    1.1730827637e+03    7.0621085797e-06
    1.1743587646e+03    7.1682829912e-06
    1.1756295166e+03    7.1881981967e-06
    1.1769028320e+03    7.1152157943e-06
    1.1781788330e+03    6.9559960139e-06
    1.1794543457e+03    6.7105270318e-06
    1.1807280273e+03    6.3953998506e-06
    1.1820012207e+03    6.0802935877e-06
    1.1832690430e+03    5.7685224419e-06
    1.1845433350e+03    5.4600709518e-06
    1.1858197021e+03    5.1715578593e-06
    1.1870947266e+03    4.8764227358e-06
    1.1883673096e+03    4.5514821068e-06
    1.1896361084e+03    4.2232354645e-06
    1.1909085693e+03    3.9447527342e-06
    1.1921815186e+03    3.7325837638e-06
    1.1934532471e+03    3.6165538404e-06
    1.1947274170e+03    3.6032990920e-06
    1.1960015869e+03    3.6729290969e-06
    1.1972702637e+03    3.7922802676e-06
    1.1985364990e+03    3.9680039663e-06
    1.1998055420e+03    4.1868424887e-06
    1.2010791016e+03    4.4255821194e-06
    1.2023533936e+03    4.6941681831e-06
    1.2036162109e+03    4.9959389798e-06
    1.2048780518e+03    5.3076832955e-06
    1.2061459961e+03    5.6327030507e-06
    1.2074122314e+03    5.9610506469e-06
    1.2086716309e+03    6.2728413468e-06
    1.2099396973e+03    6.5315762185e-06
    1.2112099609e+03    6.6941170189e-06
    1.2124819336e+03    6.7870109888e-06
    1.2137506104e+03    6.8434055720e-06
    1.2150163574e+03    6.8500321504e-06
    1.2162845459e+03    6.7903197305e-06
    1.2175552979e+03    6.6510060606e-06
    1.2188094482e+03    6.4619162004e-06
    1.2200767822e+03    6.2264002736e-06
    1.2213432617e+03    5.9113026509e-06
    1.2226137695e+03    5.5597488426e-06
    1.2238708496e+03    5.1949441513e-06
    1.2251252441e+03    4.8235397117e-06
    1.2263953857e+03    4.4720591177e-06
    1.2276534424e+03    4.1504458750e-06
    1.2289105225e+03    3.8918551581e-06
    1.2301804199e+03    3.6995754726e-06
    1.2314493408e+03    3.5835444123e-06
    1.2326973877e+03    3.5404498249e-06
    1.2339621582e+03    3.5437799397e-06
    1.2352309570e+03    3.6001458739e-06
    1.2365012207e+03    3.7128631902e-06
    1.2377614746e+03    3.8918951759e-06
    1.2390202637e+03    4.1074144974e-06
    1.2402778320e+03    4.3395166358e-06
    1.2415367432e+03    4.5683113967e-06
    1.2428067627e+03    4.7971257118e-06
    1.2440695801e+03    5.0491439652e-06
    1.2453376465e+03    5.3210819715e-06
    1.2466029053e+03    5.5930127019e-06
    1.2478686523e+03    5.8649729908e-06
    1.2491359863e+03    6.0838738136e-06
    1.2503747559e+03    6.2265085035e-06
    1.2516293945e+03    6.2696308305e-06
    1.2528859863e+03    6.2397944021e-06
    1.2541396484e+03    6.1402952269e-06
    1.2554001465e+03    6.0175648287e-06
    1.2566625977e+03    5.8517266552e-06
    1.2579261475e+03    5.6361482166e-06
    1.2591920166e+03    5.4006718528e-06
    1.2604575195e+03    5.1353631534e-06
    1.2617247314e+03    4.8501647143e-06
    1.2629877930e+03    4.5716355999e-06
    1.2642550049e+03    4.3030504457e-06
    1.2655185547e+03    4.0709683162e-06
    1.2667752686e+03    3.8753705667e-06
    1.2680251465e+03    3.6996659674e-06
    1.2692824707e+03    3.5372293041e-06
    1.2705478516e+03    3.4145896279e-06
    1.2718133545e+03    3.3549433738e-06
    1.2730770264e+03    3.3516444091e-06
    1.2743405762e+03    3.4146389680e-06
    1.2755972900e+03    3.5472551190e-06
    1.2768631592e+03    3.7461859392e-06
    1.2781237793e+03    4.0147369873e-06
    1.2793743896e+03    4.3065069804e-06
    1.2806392822e+03    4.6181949074e-06
    1.2818958740e+03    4.9133168432e-06
    1.2831571045e+03    5.1852471188e-06
    1.2844218750e+03    5.4439137784e-06
    1.2856783447e+03    5.6661269809e-06
    1.2869433594e+03    5.8684540818e-06
    1.2882019043e+03    6.0210277297e-06
    1.2894674072e+03    6.1172268033e-06
    1.2907281494e+03    6.1669829847e-06
    1.2919915771e+03    6.1537089096e-06
    1.2932481689e+03    6.0774241319e-06
    1.2944968262e+03    5.9480821619e-06
    1.2957509766e+03    5.7722986639e-06
    1.2970036621e+03    5.5534123931e-06
    1.2982636719e+03    5.2814662013e-06
    1.2995115967e+03    4.9730574574e-06
    1.3007546387e+03    4.6911868594e-06
    1.3020079346e+03    4.4358666855e-06
    1.3032664795e+03    4.1871967369e-06
    1.3045240479e+03    3.9683832256e-06
    1.3057525635e+03    3.7827273900e-06
    1.3069993896e+03    3.6235994685e-06
    1.3082595215e+03    3.4909969600e-06
    1.3095158691e+03    3.4180745843e-06
    1.3107751465e+03    3.4247211715e-06
    1.3120303955e+03    3.4810852867e-06
    1.3132907715e+03    3.5805412608e-06
    1.3145527344e+03    3.7230909129e-06
    1.3158154297e+03    3.8988205233e-06
    1.3170793457e+03    4.1077064452e-06
    1.3183442383e+03    4.3464383452e-06
    1.3196097412e+03    4.5984497774e-06
    1.3208642578e+03    4.8405127018e-06
    1.3221259766e+03    5.0759681471e-06
    1.3233762207e+03    5.3081021179e-06
    1.3246390381e+03    5.5004634305e-06
    1.3258925781e+03    5.6530243455e-06
    1.3271561279e+03    5.7790443861e-06
    1.3284232178e+03    5.8652767621e-06
    1.3296844482e+03    5.8918008108e-06
    1.3309516602e+03    5.8453661040e-06
    1.3322150879e+03    5.7392430790e-06
    1.3334774170e+03    5.5734149100e-06
    1.3347410889e+03    5.3711178225e-06
    1.3360040283e+03    5.1489346333e-06
    1.3372624512e+03    4.9068489716e-06
    1.3385190430e+03    4.6680866035e-06
    1.3397770996e+03    4.4359899221e-06
    1.3410384521e+03    4.2105239118e-06
    1.3422929688e+03    3.9718288463e-06
    1.3435462646e+03    3.7695997435e-06
    1.3448109131e+03    3.6104750052e-06
    1.3460726318e+03    3.5043915432e-06
    1.3473284912e+03    3.4314552977e-06
    1.3485876465e+03    3.4115846574e-06
    1.3498524170e+03    3.4613240132e-06
    1.3511207275e+03    3.5276341350e-06
    1.3523839111e+03    3.6337187339e-06
    1.3536457520e+03    3.8127552671e-06
    1.3549117432e+03    4.0249537960e-06
    1.3561616211e+03    4.2504207158e-06
    1.3574267578e+03    4.5057417992e-06
    1.3586965332e+03    4.7677090151e-06
    1.3599672852e+03    5.0064691095e-06
    1.3612355957e+03    5.2220079851e-06
    1.3625047607e+03    5.4176666708e-06
    1.3637645264e+03    5.5868063100e-06
    1.3650212402e+03    5.7161573750e-06
    1.3662808838e+03    5.8024002101e-06
    1.3675476074e+03    5.8289383560e-06
    1.3688084717e+03    5.8289310800e-06
    1.3700792236e+03    5.7957622630e-06
    1.3713521729e+03    5.6995863815e-06
    1.3726251221e+03    5.5403993429e-06
    1.3738919678e+03    5.3613152886e-06
    1.3751625977e+03    5.1523797993e-06
    1.3764293213e+03    4.8970318858e-06
    1.3776876221e+03    4.6483219194e-06
    1.3789449463e+03    4.4095809244e-06
    1.3801988525e+03    4.1874313865e-06
    1.3814685059e+03    3.9918240873e-06
    1.3827366943e+03    3.8094831325e-06
    1.3839978027e+03    3.6503533920e-06
    1.3852633057e+03    3.5509094687e-06
    1.3865349121e+03    3.5078185192e-06
    1.3878070068e+03    3.4879285522e-06
    1.3890769043e+03    3.5144587400e-06
    1.3903486328e+03    3.5840801047e-06
    1.3916199951e+03    3.7133838759e-06
    1.3928818359e+03    3.8758398659e-06
    1.3941459961e+03    4.0615045691e-06
    1.3954158936e+03    4.2571209633e-06
    1.3966900635e+03    4.4560651986e-06
    1.3979642334e+03    4.6715845201e-06
    1.3992374268e+03    4.8871174840e-06
    1.4005095215e+03    5.0761268540e-06
    1.4017817383e+03    5.2253576541e-06
    1.4030516357e+03    5.3480675888e-06
    1.4043175049e+03    5.4343054217e-06
    1.4055933838e+03    5.4774222917e-06
    1.4068687744e+03    5.4575170907e-06
    1.4081430664e+03    5.4011379689e-06
    1.4094143066e+03    5.3082858358e-06
    1.4106900635e+03    5.1656966207e-06
    1.4119654541e+03    4.9932559705e-06
    1.4132403564e+03    4.8042275012e-06
    1.4145073242e+03    4.5886836233e-06
    1.4157714844e+03    4.3698255467e-06
    1.4170418701e+03    4.1642560973e-06
    1.4183179932e+03    3.9586802814e-06
    1.4195911865e+03    3.7630754832e-06
    1.4208674316e+03    3.6105768686e-06
    1.4221439209e+03    3.4779848193e-06
    1.4234127197e+03    3.3785433970e-06
    1.4246832275e+03    3.3255103062e-06
    1.4259569092e+03    3.3188946418e-06
    1.4272338867e+03    3.3586859445e-06
    1.4285114746e+03    3.4249926557e-06
    1.4297882080e+03    3.5310904423e-06
    1.4310651855e+03    3.6935416574e-06
    1.4323425293e+03    3.8825182855e-06
    1.4336171875e+03    4.0715003706e-06
    1.4348940430e+03    4.2803903852e-06
    1.4361690674e+03    4.4992234507e-06
    1.4374455566e+03    4.7180606089e-06
    1.4387182617e+03    4.9103887250e-06
    1.4399940186e+03    5.0761973398e-06
    1.4412701416e+03    5.2188011068e-06
    1.4425463867e+03    5.3249355005e-06
    1.4438184814e+03    5.3879552979e-06
    1.4450910645e+03    5.4078609537e-06
    1.4463569336e+03    5.4012248256e-06
    1.4476281738e+03    5.3581120483e-06
    1.4489044189e+03    5.2851555665e-06
    1.4501801758e+03    5.1790284488e-06
    1.4514504395e+03    5.0331150305e-06
    1.4527266846e+03    4.8606798373e-06
    1.4540032959e+03    4.6816198846e-06
    1.4552795410e+03    4.5025649342e-06
    1.4565573730e+03    4.3467262003e-06
    1.4578361816e+03    4.1875750867e-06
    1.4591148682e+03    4.0483209887e-06
    1.4603940430e+03    3.9389124140e-06
    1.4616658936e+03    3.8460862015e-06
    1.4629417725e+03    3.7698364395e-06
    1.4642205811e+03    3.7399970552e-06
    1.4655004883e+03    3.7565653201e-06
    1.4667784424e+03    3.7864049318e-06
    1.4680587158e+03    3.8427774598e-06
    1.4693354492e+03    3.9190381358e-06
    1.4706093750e+03    4.0185063881e-06
    1.4718869629e+03    4.1444991439e-06
    1.4731652832e+03    4.2705050873e-06
    1.4744362793e+03    4.3898776312e-06
    1.4757065430e+03    4.5059214244e-06
    1.4769855957e+03    4.6120276238e-06
    1.4782659912e+03    4.6717232181e-06
    1.4795413818e+03    4.7148287194e-06
    1.4808211670e+03    4.7380426622e-06
    1.4820916748e+03    4.7247722250e-06
    1.4833608398e+03    4.6750315050e-06
    1.4846384277e+03    4.5722294999e-06
    1.4859185791e+03    4.4329603952e-06
    1.4871959229e+03    4.2771202970e-06
    1.4884764404e+03    4.1146563490e-06
    1.4897575684e+03    3.9256779019e-06
    1.4910375977e+03    3.7101763155e-06
    1.4923179932e+03    3.4980148484e-06
    1.4935965576e+03    3.3057428936e-06
    1.4948714600e+03    3.1201077491e-06
    1.4961489258e+03    2.9477439512e-06
    1.4974246826e+03    2.7985961424e-06
    1.4987001953e+03    2.6958684884e-06
    1.4999735107e+03    2.6494737995e-06
    1.5012434082e+03    2.6362238259e-06
    1.5025183105e+03    2.6528130093e-06
    1.5037965088e+03    2.7224311907e-06
    1.5050756836e+03    2.8351344099e-06
    1.5063557129e+03    2.9843124594e-06
    1.5076319580e+03    3.1600220609e-06
    1.5089082031e+03    3.3556268590e-06
    1.5101844482e+03    3.5711339024e-06
    1.5114515381e+03    3.8098480672e-06
    1.5127219238e+03    4.0485674617e-06
    1.5139975586e+03    4.2839897105e-06
    1.5152745361e+03    4.5160841182e-06
    1.5165521240e+03    4.7415674089e-06
    1.5178294678e+03    4.9372183639e-06
    1.5191065674e+03    5.0997173275e-06
    1.5203843994e+03    5.2356972446e-06
    1.5216621094e+03    5.3318713071e-06
    1.5229410400e+03    5.3882577049e-06
    1.5242182617e+03    5.4148017625e-06
    1.5254962158e+03    5.4048673519e-06
    1.5267745361e+03    5.3750245570e-06
    1.5280539551e+03    5.3153385124e-06
    1.5293333740e+03    5.2324417084e-06
    1.5306134033e+03    5.1362912927e-06
    1.5318919678e+03    5.0368275879e-06
    1.5331685791e+03    4.9539271458e-06
    1.5344488525e+03    4.8876086112e-06
    1.5357288818e+03    4.8246142796e-06
    1.5370023193e+03    4.7583012019e-06
    1.5382778320e+03    4.7450389502e-06
    1.5395544434e+03    4.7583134801e-06
    1.5408306885e+03    4.7848493523e-06
    1.5421092529e+03    4.8279603106e-06
    1.5433892822e+03    4.9075424613e-06
    1.5446688232e+03    5.0003859542e-06
    1.5459484863e+03    5.1064921536e-06
    1.5472246094e+03    5.2126069932e-06
    1.5484958496e+03    5.3154144553e-06
    1.5497707520e+03    5.4315114539e-06
    1.5510471191e+03    5.5376435739e-06
    1.5523245850e+03    5.6271742324e-06
    1.5536030273e+03    5.7067554735e-06
    1.5548814697e+03    5.7697384364e-06
    1.5561566162e+03    5.7962679421e-06
    1.5574313965e+03    5.7896195358e-06
    1.5587089844e+03    5.7464926613e-06
    1.5599862061e+03    5.6569442677e-06
    1.5612604980e+03    5.5441851146e-06
    1.5625346680e+03    5.3949529502e-06
    1.5638109131e+03    5.2059203881e-06
    1.5650888672e+03    4.9936707001e-06
    1.5663674316e+03    4.7780968089e-06
    1.5676383057e+03    4.5525976020e-06
    1.5689082031e+03    4.3138711590e-06
    1.5701857910e+03    4.0817949412e-06
    1.5714548340e+03    3.8596836021e-06
    1.5727283936e+03    3.6640788039e-06
    1.5740069580e+03    3.4983249861e-06
    1.5752824707e+03    3.3690500914e-06
    1.5765561523e+03    3.2596678921e-06
    1.5778282471e+03    3.1933780065e-06
    1.5790971680e+03    3.1701777061e-06
    1.5803692627e+03    3.1801243949e-06
    1.5816475830e+03    3.2265563732e-06
    1.5829250488e+03    3.3061344311e-06
    1.5842025146e+03    3.4188603877e-06
    1.5854802246e+03    3.5779951304e-06
    1.5867539062e+03    3.7570232507e-06
    1.5880319824e+03    3.9327487684e-06
    1.5893061523e+03    4.1217435864e-06
    1.5905834961e+03    4.3306285988e-06
    1.5918610840e+03    4.5229512580e-06
    1.5931379395e+03    4.6920722525e-06
    1.5944130859e+03    4.8446086112e-06
    1.5956899414e+03    4.9739264796e-06
    1.5969670410e+03    5.0535095397e-06
    1.5982456055e+03    5.1065694606e-06
    1.5995200195e+03    5.1165247896e-06
    1.6007976074e+03    5.0833741625e-06
    1.6020722656e+03    5.0170519899e-06
    1.6033479004e+03    4.9308368943e-06
    1.6046208496e+03    4.8247156883e-06
    1.6058984375e+03    4.6887571443e-06
    1.6071783447e+03    4.5461724767e-06
    1.6084581299e+03    4.3936402108e-06
    1.6097385254e+03    4.2344822759e-06
    1.6110190430e+03    4.0786567297e-06
    1.6122950439e+03    3.9294645831e-06
    1.6135726318e+03    3.7835891362e-06
    1.6148431396e+03    3.6675519368e-06
    1.6161154785e+03    3.5780497001e-06
    1.6173935547e+03    3.5183818454e-06
    1.6186711426e+03    3.4852455428e-06
    1.6199473877e+03    3.4918857637e-06
    1.6212263184e+03    3.5217290133e-06
    1.6225042725e+03    3.5847190247e-06
    1.6237764893e+03    3.6908038510e-06
    1.6250517578e+03    3.8201087591e-06
    1.6263306885e+03    3.9461006054e-06
    1.6276075439e+03    4.0919921958e-06
    1.6288858643e+03    4.2478263822e-06
    1.6301632080e+03    4.3937234295e-06
    1.6314377441e+03    4.5097776820e-06
    1.6327150879e+03    4.6191935326e-06
    1.6339921875e+03    4.7054045353e-06
    1.6352633057e+03    4.7584612730e-06
    1.6365384521e+03    4.7883081606e-06
    1.6378171387e+03    4.7949488362e-06
    1.6390974121e+03    4.7783773880e-06
    1.6403756104e+03    4.7419080147e-06
    1.6416536865e+03    4.6755903895e-06
    1.6429296875e+03    4.5960127864e-06
    1.6442001953e+03    4.5064771257e-06
    1.6454698486e+03    4.3970489969e-06
    1.6467427979e+03    4.2776782720e-06
    1.6480198975e+03    4.1549874368e-06
    1.6492946777e+03    4.0290010475e-06
    1.6505734863e+03    3.8963798943e-06
    1.6518498535e+03    3.7637630612e-06
    1.6531295166e+03    3.6444087073e-06
    1.6544102783e+03    3.5648356516e-06
    1.6556887207e+03    3.5051659779e-06
    1.6569654541e+03    3.4653851344e-06
    1.6582429199e+03    3.4421916553e-06
    1.6595233154e+03    3.4355687148e-06
    1.6608021240e+03    3.4720389976e-06
    1.6620815430e+03    3.5250832298e-06
    1.6633592529e+03    3.5781260976e-06
    1.6646389160e+03    3.6378112327e-06
    1.6659196777e+03    3.7207030346e-06
    1.6672004395e+03    3.8234884414e-06
    1.6684810791e+03    3.9395381464e-06
    1.6697598877e+03    4.0290601646e-06
    1.6710385742e+03    4.1053208406e-06
    1.6723198242e+03    4.1782604967e-06
    1.6736007080e+03    4.2246801968e-06
    1.6748813477e+03    4.2346327973e-06
    1.6761618652e+03    4.2279953050e-06
    1.6774370117e+03    4.2147285058e-06
    1.6787139893e+03    4.1683106247e-06
    1.6799930420e+03    4.0986865315e-06
    1.6812718506e+03    4.0025424823e-06
    1.6825501709e+03    3.8931402742e-06
    1.6838309326e+03    3.7903721477e-06
    1.6851119385e+03    3.6743429064e-06
    1.6863918457e+03    3.5583170757e-06
    1.6876711426e+03    3.4522445276e-06
    1.6889451904e+03    3.3594296838e-06
    1.6902171631e+03    3.2732461932e-06
    1.6914942627e+03    3.1903780382e-06
    1.6927720947e+03    3.1373419915e-06
    1.6940527344e+03    3.1008794394e-06
    1.6953319092e+03    3.0776743642e-06
    1.6966116943e+03    3.0809849250e-06
    1.6978914795e+03    3.1174488413e-06
    1.6991702881e+03    3.1605475215e-06
    1.7004501953e+03    3.2069585814e-06
    1.7017308350e+03    3.2799005112e-06
    1.7030117188e+03    3.3661026464e-06
    1.7042860107e+03    3.4423610487e-06
    1.7055565186e+03    3.5153077533e-06
    1.7068288574e+03    3.5948689856e-06
    1.7081040039e+03    3.6644878492e-06
    1.7093814697e+03    3.7341080770e-06
    1.7106602783e+03    3.8004147882e-06
    1.7119409180e+03    3.8501470954e-06
    1.7132215576e+03    3.8667153603e-06
    1.7145026855e+03    3.8667108129e-06
    1.7157844238e+03    3.8401881284e-06
    1.7170650635e+03    3.7904585497e-06
    1.7183466797e+03    3.7307856928e-06
    1.7196273193e+03    3.6644842112e-06
    1.7209064941e+03    3.5782952637e-06
    1.7221875000e+03    3.4921067709e-06
    1.7234678955e+03    3.4092352053e-06
    1.7247469482e+03    3.3230492136e-06
    1.7260278320e+03    3.2269260828e-06
    1.7273099365e+03    3.1639481222e-06
    1.7285913086e+03    3.1142292301e-06
    1.7298718262e+03    3.0678254461e-06
    1.7311511230e+03    3.0512517242e-06
    1.7324320068e+03    3.0413054901e-06
    1.7337137451e+03    3.0512458125e-06
    1.7349956055e+03    3.0810731459e-06
    1.7362777100e+03    3.1208564906e-06
    1.7375574951e+03    3.1805393519e-06
    1.7388377686e+03    3.2468512927e-06
    1.7401157227e+03    3.3131648252e-06
    1.7413930664e+03    3.3960523069e-06
    1.7426726074e+03    3.4955180581e-06
    1.7439517822e+03    3.5817195112e-06
    1.7452283936e+03    3.6646117678e-06
    1.7465054932e+03    3.7475065255e-06
    1.7477808838e+03    3.8038824641e-06
    1.7490578613e+03    3.8469997889e-06
    1.7503372803e+03    3.8768439481e-06
    1.7516158447e+03    3.8834700717e-06
    1.7528931885e+03    3.8735211092e-06
    1.7541699219e+03    3.8569432945e-06
    1.7554460449e+03    3.8204757402e-06
    1.7567264404e+03    3.7707461615e-06
    1.7580057373e+03    3.7177053400e-06
    1.7592803955e+03    3.6547196487e-06
    1.7605583496e+03    3.5784744341e-06
    1.7618383789e+03    3.5088589811e-06
    1.7631192627e+03    3.4525085084e-06
    1.7644001465e+03    3.3928408811e-06
    1.7656810303e+03    3.3364892715e-06
    1.7669617920e+03    3.3033400086e-06
    1.7682427979e+03    3.2768214169e-06
    1.7695235596e+03    3.2569316772e-06
    1.7708045654e+03    3.2403552268e-06
    1.7720845947e+03    3.2569380437e-06
    1.7733646240e+03    3.2900927636e-06
    1.7746439209e+03    3.3232465739e-06
    1.7759244385e+03    3.3663443446e-06
    1.7772059326e+03    3.4227007291e-06
    1.7784871826e+03    3.4923161820e-06
    1.7797687988e+03    3.5586174363e-06
    1.7810499268e+03    3.6249209643e-06
    1.7823321533e+03    3.6912254018e-06
    1.7836119385e+03    3.7409565721e-06
    1.7848909912e+03    3.7807433273e-06
    1.7861710205e+03    3.8172165659e-06
    1.7874515381e+03    3.8304838199e-06
    1.7887308350e+03    3.8304924601e-06
    1.7900123291e+03    3.8205503188e-06
    1.7912930908e+03    3.7774514112e-06
    1.7925728760e+03    3.7310376229e-06
    1.7938532715e+03    3.6846261082e-06
    1.7951345215e+03    3.6249546156e-06
    1.7964152832e+03    3.5520254187e-06
    1.7976970215e+03    3.4890420011e-06
    1.7989790039e+03    3.4194245018e-06
    1.8002609863e+03    3.3630728922e-06
    1.8015375977e+03    3.3133576380e-06
    1.8028161621e+03    3.2735817967e-06
    1.8040971680e+03    3.2437485515e-06
    1.8053787842e+03    3.2338045912e-06
    1.8066595459e+03    3.2338157325e-06
    1.8079398193e+03    3.2504010505e-06
    1.8092213135e+03    3.2736143112e-06
    1.8105025635e+03    3.3034550597e-06
    1.8117841797e+03    3.3564999740e-06
    1.8130651855e+03    3.4228032746e-06
    1.8143419189e+03    3.4824763588e-06
    1.8156210938e+03    3.5719874631e-06
    1.8169027100e+03    3.6681292386e-06
    1.8181831055e+03    3.7278016407e-06
    1.8194597168e+03    3.7941044866e-06
    1.8207381592e+03    3.8736729948e-06
    1.8220195312e+03    3.9432961785e-06
    1.8233018799e+03    3.9963442759e-06
    1.8245834961e+03    4.0493941924e-06
    1.8258651123e+03    4.0991308197e-06
    1.8271474609e+03    4.1090847844e-06
    1.8284301758e+03    4.1024641178e-06
    1.8297092285e+03    4.1057910494e-06
    1.8309893799e+03    4.1024877646e-06
    1.8322714844e+03    4.0693339542e-06
    1.8335538330e+03    4.0162904043e-06
    1.8348363037e+03    3.9698788896e-06
    1.8361187744e+03    3.9168376134e-06
    1.8373996582e+03    3.8737357499e-06
    1.8386802979e+03    3.8339558159e-06
    1.8399621582e+03    3.8008072352e-06
    1.8412438965e+03    3.7809231799e-06
    1.8425245361e+03    3.7908782815e-06
    1.8438040771e+03    3.8174152905e-06
    1.8450850830e+03    3.8538978515e-06
    1.8463665771e+03    3.9135861698e-06
    1.8476474609e+03    3.9964802454e-06
    1.8489299316e+03    4.0926352085e-06
    1.8502124023e+03    4.2186306928e-06
    1.8514938965e+03    4.3578911573e-06
    1.8527727051e+03    4.5004690037e-06
    1.8540538330e+03    4.6695809033e-06
    1.8553334961e+03    4.8353990678e-06
    1.8566137695e+03    4.9945788305e-06
    1.8578946533e+03    5.1703486861e-06
    1.8591757812e+03    5.3527583077e-06
    1.8604562988e+03    5.5318541854e-06
    1.8617366943e+03    5.7010124692e-06
    1.8630164795e+03    5.8635268942e-06
    1.8642984619e+03    6.0293664319e-06
    1.8655797119e+03    6.1819446273e-06
    1.8668594971e+03    6.3179450080e-06
    1.8681409912e+03    6.4473165367e-06
    1.8694219971e+03    6.5667427407e-06
    1.8707023926e+03    6.6729030550e-06
    1.8719840088e+03    6.7724345172e-06
    1.8732651367e+03    6.8653330345e-06
    1.8745472412e+03    6.9648449426e-06
    1.8758260498e+03    7.0610476541e-06
    1.8771075439e+03    7.1506169661e-06
    1.8783889160e+03    7.2468246799e-06
    1.8796699219e+03    7.3529790825e-06
    1.8809495850e+03    7.4558174674e-06
    1.8822298584e+03    7.5586617641e-06
    1.8835101318e+03    7.6880533015e-06
    1.8847910156e+03    7.8307184594e-06
    1.8860712891e+03    7.9700657807e-06
    1.8873520508e+03    8.1127509475e-06
    1.8886300049e+03    8.2653923528e-06
    1.8899104004e+03    8.4213597802e-06
    1.8911870117e+03    8.5872861746e-06
    1.8924656982e+03    8.7399412223e-06
    1.8937453613e+03    8.8826382125e-06
    1.8950261230e+03    9.0153835117e-06
    1.8963084717e+03    9.1282208814e-06
    1.8975910645e+03    9.2244617917e-06
    1.8988741455e+03    9.3140624813e-06
    1.9001558838e+03    9.3903972811e-06
    1.9014373779e+03    9.4136375992e-06
    1.9027197266e+03    9.4236011137e-06
    1.9040010986e+03    9.4003798949e-06
    1.9052834473e+03    9.3340140666e-06
    1.9065650635e+03    9.2477403086e-06
    1.9078475342e+03    9.1183028417e-06
    1.9091309814e+03    8.9357763500e-06
    1.9104124756e+03    8.7233856902e-06
    1.9116949463e+03    8.5076753749e-06
    1.9129783936e+03    8.2587994257e-06
    1.9142618408e+03    7.9535175246e-06
    1.9155444336e+03    7.6349824667e-06
    1.9168258057e+03    7.3032138062e-06
    1.9181080322e+03    6.9581947173e-06
    1.9193895264e+03    6.5966146394e-06
    1.9206710205e+03    6.2284270825e-06
    1.9219527588e+03    5.8304171944e-06
    1.9232353516e+03    5.4059078138e-06
    1.9245159912e+03    4.9880654842e-06
    1.9257982178e+03    4.5636402319e-06
    1.9270791016e+03    4.1160265027e-06
    1.9283593750e+03    3.6585049656e-06
    1.9296354980e+03    3.2308571463e-06
    1.9309132080e+03    2.7999228678e-06
    1.9321945801e+03    2.3491513730e-06
    1.9334764404e+03    1.9017121531e-06
    1.9347565918e+03    1.4940609390e-06
    1.9360364990e+03    1.0930634744e-06
    1.9373179932e+03    6.7880955612e-07
    1.9386010742e+03    2.7781408107e-07
    1.9398833008e+03    0.0000000000e+00
    1.9411640625e+03    0.0000000000e+00
    1.9424448242e+03    0.0000000000e+00
    1.9437268066e+03    0.0000000000e+00
    1.9450092773e+03    0.0000000000e+00
    1.9462886963e+03    0.0000000000e+00
    1.9475678711e+03    0.0000000000e+00
    1.9488482666e+03    0.0000000000e+00
    1.9501278076e+03    0.0000000000e+00
    1.9514097900e+03    0.0000000000e+00
    1.9526910400e+03    0.0000000000e+00
    1.9539724121e+03    0.0000000000e+00
    1.9552550049e+03    0.0000000000e+00
    1.9565382080e+03    0.0000000000e+00
    1.9578189697e+03    0.0000000000e+00
    1.9591007080e+03    0.0000000000e+00
    1.9603820801e+03    0.0000000000e+00
    1.9616608887e+03    0.0000000000e+00
    1.9629425049e+03    0.0000000000e+00
    1.9642246094e+03    0.0000000000e+00
    1.9655059814e+03    0.0000000000e+00
    1.9667878418e+03    0.0000000000e+00
    1.9680694580e+03    0.0000000000e+00
    1.9693505859e+03    0.0000000000e+00
    1.9706322021e+03    0.0000000000e+00
    1.9719144287e+03    0.0000000000e+00
    1.9731939697e+03    0.0000000000e+00
    1.9744737549e+03    0.0000000000e+00
    1.9757553711e+03    0.0000000000e+00
    1.9770362549e+03    0.0000000000e+00
    1.9783151855e+03    0.0000000000e+00
    1.9795960693e+03    0.0000000000e+00
    1.9808786621e+03    0.0000000000e+00
    1.9821563721e+03    0.0000000000e+00
    1.9834375000e+03    0.0000000000e+00
    1.9847200928e+03    0.0000000000e+00
    1.9860010986e+03    0.0000000000e+00
    1.9872813721e+03    0.0000000000e+00
    1.9885621338e+03    0.0000000000e+00
    1.9898446045e+03    0.0000000000e+00
    1.9911236572e+03    0.0000000000e+00
    1.9924060059e+03    0.0000000000e+00
    1.9936876221e+03    0.0000000000e+00
    1.9949703369e+03    0.0000000000e+00
    1.9962531738e+03    0.0000000000e+00
    1.9975357666e+03    0.0000000000e+00
    1.9988166504e+03    0.0000000000e+00
    2.0000000000e+03    0.0000000000e+00
endcurve
